<?xml version="1.0" encoding="utf-8"?>
<COLLADA xmlns="http://www.collada.org/2005/11/COLLADASchema" version="1.4.1">
  <asset><contributor><author>Mixamo</author><authoring_tool>COLLADA Mixamo exporter</authoring_tool><comments></comments></contributor><created>2018-10-04T17:16:27Z</created><modified>2018-10-04T17:16:27Z</modified><revision></revision><title></title><unit meter="0.010000"/><up_axis>Y_UP</up_axis></asset>
  <library_animations>
    <animation id="Hips-anim" name="Hips"><source id="Hips-Matrix-animation-input"><float_array id="Hips-Matrix-animation-input-array" count="35">

0.000000 0.033333 0.066667 0.100000 0.133333 0.166667 0.200000 0.233333 0.266667 0.300000 0.333333 0.366667 0.400000 0.433333 0.466667 0.500000
0.533333 0.566667 0.600000 0.633333 0.666667 0.700000 0.733333 0.766667 0.800000 0.833333 0.866667 0.900000 0.933333 0.966667 1.000000 1.033333
1.066667 1.100000 1.133333</float_array><technique_common><accessor source="#Hips-Matrix-animation-input-array" count="35"><param name="TIME" type="float"/></accessor></technique_common></source><source id="Hips-Matrix-animation-output-transform"><float_array id="Hips-Matrix-animation-output-transform-array" count="560">

0.998439 0.012782 0.054368 -4.651149 -0.014526 0.999389 0.031800 110.934227 -0.053928 -0.032540 0.998014 1.271811 0.000000 0.000000 0.000000 1.000000
0.996424 0.003813 0.084402 -4.571531 -0.004778 0.999925 0.011235 111.266342 -0.084353 -0.011598 0.996368 5.735281 0.000000 0.000000 0.000000 1.000000
0.994266 -0.001866 0.106920 -4.388845 0.001926 0.999998 -0.000461 110.990158 -0.106919 0.000664 0.994267 10.381521 0.000000 0.000000 0.000000 1.000000
0.993476 -0.002082 0.114024 -4.082610 0.001593 0.999989 0.004381 110.053360 -0.114032 -0.004171 0.993468 15.366128 0.000000 0.000000 0.000000 1.000000
0.993967 0.005125 0.109564 -3.523657 -0.007105 0.999818 0.017683 108.558685 -0.109454 -0.018354 0.993822 20.810072 0.000000 0.000000 0.000000 1.000000
0.995157 0.003788 0.098228 -2.836307 -0.006688 0.999551 0.029212 107.233376 -0.098073 -0.029727 0.994735 26.303299 0.000000 0.000000 0.000000 1.000000
0.996573 -0.006625 0.082449 -2.043580 0.003516 0.999279 0.037804 106.373413 -0.082640 -0.037384 0.995878 31.777542 0.000000 0.000000 0.000000 1.000000
0.997581 -0.022001 0.065939 -1.150091 0.019051 0.998804 0.045028 106.023071 -0.066851 -0.043663 0.996807 37.378094 0.000000 0.000000 0.000000 1.000000
0.997475 -0.041780 0.057422 -0.158465 0.038947 0.998010 0.049600 106.011726 -0.059380 -0.047238 0.997117 43.075237 0.000000 0.000000 0.000000 1.000000
0.996028 -0.063428 0.062492 0.830764 0.060523 0.997044 0.047334 106.127136 -0.065309 -0.043364 0.996922 48.626755 0.000000 0.000000 0.000000 1.000000
0.994388 -0.077266 0.072270 1.773465 0.074025 0.996172 0.046500 106.097862 -0.075587 -0.040889 0.996301 53.996059 0.000000 0.000000 0.000000 1.000000
0.993375 -0.084825 0.077527 2.649284 0.081034 0.995416 0.050806 106.493874 -0.081481 -0.044187 0.995695 59.202526 0.000000 0.000000 0.000000 1.000000
0.993607 -0.087893 0.070857 3.444716 0.083864 0.994790 0.057963 107.279785 -0.075582 -0.051650 0.995801 64.258827 0.000000 0.000000 0.000000 1.000000
0.994939 -0.082844 0.056865 4.119293 0.079065 0.994698 0.065763 108.325897 -0.062011 -0.060935 0.996214 69.128761 0.000000 0.000000 0.000000 1.000000
0.996852 -0.070272 0.036719 4.583738 0.067678 0.995411 0.067654 109.442627 -0.041305 -0.064956 0.997033 73.793747 0.000000 0.000000 0.000000 1.000000
0.998509 -0.052876 0.013595 4.877092 0.051993 0.996921 0.058688 110.411530 -0.016657 -0.057894 0.998184 78.306061 0.000000 0.000000 0.000000 1.000000
0.999231 -0.039094 -0.003017 5.111838 0.039188 0.998284 0.043510 111.091660 0.001310 -0.043595 0.999048 82.817947 0.000000 0.000000 0.000000 1.000000
0.999283 -0.033844 -0.016995 5.269438 0.034333 0.998979 0.029365 111.377602 0.015984 -0.029927 0.999424 87.353264 0.000000 0.000000 0.000000 1.000000
0.999103 -0.029435 -0.030446 5.348501 0.030116 0.999301 0.022151 111.264664 0.029773 -0.023048 0.999291 91.846046 0.000000 0.000000 0.000000 1.000000
0.998889 -0.026263 -0.039139 5.335367 0.027203 0.999350 0.023666 110.882195 0.038492 -0.024704 0.998953 96.447380 0.000000 0.000000 0.000000 1.000000
0.998692 -0.027359 -0.043187 5.141184 0.028680 0.999130 0.030264 110.233788 0.042322 -0.031463 0.998608 101.284256 0.000000 0.000000 0.000000 1.000000
0.998677 -0.032575 -0.039797 4.658466 0.034255 0.998518 0.042284 109.108307 0.038360 -0.043591 0.998313 106.515625 0.000000 0.000000 0.000000 1.000000
0.998937 -0.034733 -0.030323 3.974801 0.036302 0.997944 0.052817 107.801331 0.028426 -0.053862 0.998144 111.952591 0.000000 0.000000 0.000000 1.000000
0.999420 -0.030174 -0.015792 3.193475 0.031027 0.997898 0.056896 106.777344 0.014042 -0.057352 0.998255 117.287025 0.000000 0.000000 0.000000 1.000000
0.999766 -0.021616 -0.000310 2.275808 0.021598 0.998077 0.058107 106.125229 -0.000947 -0.058100 0.998310 122.586624 0.000000 0.000000 0.000000 1.000000
0.999906 -0.008471 0.010777 1.172838 0.007848 0.998364 0.056644 105.812622 -0.011239 -0.056554 0.998336 128.044235 0.000000 0.000000 0.000000 1.000000
0.999878 0.010471 0.011590 0.019876 -0.011053 0.998622 0.051299 105.711143 -0.011036 -0.051421 0.998616 133.488541 0.000000 0.000000 0.000000 1.000000
0.999535 0.030507 -0.000022 -0.977991 -0.030466 0.998225 0.051172 105.338417 0.001583 -0.051148 0.998690 138.735687 0.000000 0.000000 0.000000 1.000000
0.998462 0.052193 -0.018718 -1.866974 -0.051006 0.996948 0.059095 105.188797 0.021745 -0.058049 0.998077 143.648743 0.000000 0.000000 0.000000 1.000000
0.997426 0.065863 -0.028354 -2.759652 -0.063889 0.995794 0.065663 105.642075 0.032559 -0.063683 0.997439 148.429916 0.000000 0.000000 0.000000 1.000000
0.997638 0.064597 -0.023366 -3.532211 -0.062930 0.995823 0.066155 106.583694 0.027542 -0.064528 0.997536 153.071732 0.000000 0.000000 0.000000 1.000000
0.998508 0.053186 -0.012335 -4.053065 -0.052271 0.996491 0.065367 107.837189 0.015768 -0.064624 0.997785 157.603165 0.000000 0.000000 0.000000 1.000000
0.999229 0.039233 0.001517 -4.360925 -0.039250 0.997238 0.063051 109.083153 0.000961 -0.063062 0.998009 162.053131 0.000000 0.000000 0.000000 1.000000
0.999398 0.025206 0.023833 -4.587524 -0.026426 0.998279 0.052353 110.143669 -0.022473 -0.052952 0.998344 166.474976 0.000000 0.000000 0.000000 1.000000
0.998439 0.012782 0.054368 -4.651204 -0.014525 0.999389 0.031800 110.934235 -0.053928 -0.032540 0.998014 170.850388 0.000000 0.000000 0.000000 1.000000</float_array><technique_common><accessor source="#Hips-Matrix-animation-output-transform-array" count="35" stride="16"><param type="float4x4"/></accessor></technique_common></source><source id="Hips-Interpolations"><Name_array id="Hips-Interpolations-array" count="35">
 LINEAR LINEAR LINEAR LINEAR LINEAR LINEAR LINEAR LINEAR LINEAR LINEAR LINEAR
LINEAR LINEAR LINEAR LINEAR LINEAR LINEAR LINEAR LINEAR LINEAR LINEAR LINEAR LINEAR
LINEAR LINEAR LINEAR LINEAR LINEAR LINEAR LINEAR LINEAR LINEAR LINEAR LINEAR LINEAR</Name_array><technique_common><accessor source="#Hips-Interpolations-array" count="35"><param type="name"/></accessor></technique_common></source><sampler id="Hips-Matrix-animation-transform"><input semantic="INPUT" source="#Hips-Matrix-animation-input"/><input semantic="OUTPUT" source="#Hips-Matrix-animation-output-transform"/><input semantic="INTERPOLATION" source="#Hips-Interpolations"/></sampler><channel source="#Hips-Matrix-animation-transform" target="Hips/matrix"/></animation>
    <animation id="Spine-anim" name="Spine"><source id="Spine-Matrix-animation-input"><float_array id="Spine-Matrix-animation-input-array" count="35">

0.000000 0.033333 0.066667 0.100000 0.133333 0.166667 0.200000 0.233333 0.266667 0.300000 0.333333 0.366667 0.400000 0.433333 0.466667 0.500000
0.533333 0.566667 0.600000 0.633333 0.666667 0.700000 0.733333 0.766667 0.800000 0.833333 0.866667 0.900000 0.933333 0.966667 1.000000 1.033333
1.066667 1.100000 1.133333</float_array><technique_common><accessor source="#Spine-Matrix-animation-input-array" count="35"><param name="TIME" type="float"/></accessor></technique_common></source><source id="Spine-Matrix-animation-output-transform"><float_array id="Spine-Matrix-animation-output-transform-array" count="560">

0.993496 -0.077154 0.083744 -0.005700 0.081314 0.995558 -0.047450 10.895800 -0.079711 0.053951 0.995357 -1.278700 0.000000 0.000000 0.000000 1.000000
0.990246 -0.087131 0.108725 -0.005700 0.091475 0.995170 -0.035617 10.895800 -0.105096 0.045215 0.993434 -1.278700 0.000000 0.000000 0.000000 1.000000
0.986140 -0.102208 0.130696 -0.005700 0.105576 0.994228 -0.019089 10.895800 -0.127990 0.032623 0.991239 -1.278700 0.000000 0.000000 0.000000 1.000000
0.981274 -0.123625 0.147711 -0.005700 0.124204 0.992242 0.005334 10.895800 -0.147225 0.013112 0.989016 -1.278700 0.000000 0.000000 0.000000 1.000000
0.975766 -0.147751 0.161403 -0.005700 0.143917 0.988961 0.035259 10.895800 -0.164831 -0.011176 0.986259 -1.278700 0.000000 0.000000 0.000000 1.000000
0.972234 -0.155222 0.175122 -0.005700 0.148093 0.987544 0.053148 10.895800 -0.181190 -0.025738 0.983111 -1.278700 0.000000 0.000000 0.000000 1.000000
0.970980 -0.144928 0.190244 -0.005700 0.136809 0.989058 0.055208 10.895800 -0.196164 -0.027578 0.980183 -1.278700 0.000000 0.000000 0.000000 1.000000
0.972415 -0.117824 0.201310 -0.005700 0.111556 0.992860 0.042243 10.895800 -0.204850 -0.018621 0.978616 -1.278700 0.000000 0.000000 0.000000 1.000000
0.976056 -0.077740 0.203152 -0.005700 0.075484 0.996969 0.018838 10.895800 -0.204001 -0.003052 0.978966 -1.278700 0.000000 0.000000 0.000000 1.000000
0.980884 -0.027528 0.192638 -0.005700 0.029710 0.999523 -0.008448 10.895800 -0.192314 0.014009 0.981233 -1.278700 0.000000 0.000000 0.000000 1.000000
0.984702 0.014336 0.173657 -0.005700 -0.009557 0.999553 -0.028322 10.895800 -0.173986 0.026229 0.984399 -1.278700 0.000000 0.000000 0.000000 1.000000
0.988176 0.043631 0.146984 -0.005700 -0.037636 0.998352 -0.043323 10.895800 -0.148632 0.037279 0.988190 -1.278700 0.000000 0.000000 0.000000 1.000000
0.990841 0.060748 0.120595 -0.005700 -0.054240 0.996926 -0.056536 10.895800 -0.123659 0.049477 0.991091 -1.278700 0.000000 0.000000 0.000000 1.000000
0.993131 0.066503 0.096266 -0.005700 -0.060005 0.995818 -0.068894 10.895800 -0.100445 0.062644 0.992968 -1.278700 0.000000 0.000000 0.000000 1.000000
0.994876 0.068065 0.074755 -0.005700 -0.062147 0.994949 -0.078836 10.895800 -0.079744 0.073787 0.994081 -1.278700 0.000000 0.000000 0.000000 1.000000
0.996334 0.067940 0.051989 -0.005700 -0.063370 0.994364 -0.084997 10.895800 -0.057471 0.081391 0.995024 -1.278700 0.000000 0.000000 0.000000 1.000000
0.997303 0.069548 0.023460 -0.005700 -0.067288 0.993998 -0.086257 10.895800 -0.029318 0.084446 0.995997 -1.278700 0.000000 0.000000 0.000000 1.000000
0.996965 0.077799 -0.002876 -0.005700 -0.077770 0.993517 -0.082917 10.895800 -0.003594 0.082889 0.996552 -1.278700 0.000000 0.000000 0.000000 1.000000
0.995469 0.091518 -0.025822 -0.005700 -0.093207 0.992867 -0.074346 10.895800 0.018834 0.076416 0.996898 -1.278700 0.000000 0.000000 0.000000 1.000000
0.992846 0.109122 -0.048460 -0.005700 -0.111920 0.991943 -0.059354 10.895800 0.041592 0.064353 0.997060 -1.278700 0.000000 0.000000 0.000000 1.000000
0.989881 0.124849 -0.067448 -0.005700 -0.127679 0.991032 -0.039407 10.895800 0.061923 0.047620 0.996944 -1.278700 0.000000 0.000000 0.000000 1.000000
0.985814 0.145638 -0.083430 -0.005700 -0.147158 0.989036 -0.012336 10.895800 0.080719 0.024438 0.996437 -1.278700 0.000000 0.000000 0.000000 1.000000
0.981994 0.161462 -0.098070 -0.005700 -0.160898 0.986876 0.013685 10.895800 0.098993 0.002341 0.995085 -1.278700 0.000000 0.000000 0.000000 1.000000
0.980129 0.162697 -0.113478 -0.005700 -0.160560 0.986635 0.027783 10.895800 0.116481 -0.009011 0.993152 -1.278700 0.000000 0.000000 0.000000 1.000000
0.980853 0.148990 -0.125420 -0.005700 -0.146754 0.988806 0.026936 10.895800 0.128029 -0.008015 0.991738 -1.278700 0.000000 0.000000 0.000000 1.000000
0.984145 0.121564 -0.129152 -0.005700 -0.120417 0.992583 0.016677 10.895800 0.130222 -0.000860 0.991485 -1.278700 0.000000 0.000000 0.000000 1.000000
0.989065 0.080090 -0.123836 -0.005700 -0.080311 0.996765 0.003218 10.895800 0.123693 0.006763 0.992297 -1.278700 0.000000 0.000000 0.000000 1.000000
0.993450 0.032347 -0.109596 -0.005700 -0.034025 0.999330 -0.013473 10.895800 0.109086 0.017114 0.993885 -1.278700 0.000000 0.000000 0.000000 1.000000
0.996369 -0.015376 -0.083740 -0.005700 0.012573 0.999346 -0.033899 10.895800 0.084206 0.032723 0.995911 -1.278700 0.000000 0.000000 0.000000 1.000000
0.997581 -0.044639 -0.053293 -0.005700 0.042339 0.998155 -0.043526 10.895800 0.055138 0.041165 0.997630 -1.278700 0.000000 0.000000 0.000000 1.000000
0.998306 -0.052360 -0.025375 -0.005700 0.051225 0.997741 -0.043472 10.895800 0.027594 0.042098 0.998732 -1.278700 0.000000 0.000000 0.000000 1.000000
0.998553 -0.053744 0.001945 -0.005700 0.053778 0.997555 -0.044625 10.895800 0.000458 0.044665 0.999002 -1.278700 0.000000 0.000000 0.000000 1.000000
0.997795 -0.059222 0.029949 -0.005700 0.060701 0.996843 -0.051175 10.895800 -0.026824 0.052880 0.998241 -1.278700 0.000000 0.000000 0.000000 1.000000
0.995967 -0.069051 0.057287 -0.005700 0.072120 0.995968 -0.053358 10.895800 -0.053372 0.057274 0.996931 -1.278700 0.000000 0.000000 0.000000 1.000000
0.993496 -0.077154 0.083745 -0.005700 0.081314 0.995558 -0.047450 10.895800 -0.079712 0.053951 0.995357 -1.278700 0.000000 0.000000 0.000000 1.000000</float_array><technique_common><accessor source="#Spine-Matrix-animation-output-transform-array" count="35" stride="16"><param type="float4x4"/></accessor></technique_common></source><source id="Spine-Interpolations"><Name_array id="Spine-Interpolations-array" count="35">
 LINEAR LINEAR LINEAR LINEAR LINEAR LINEAR LINEAR LINEAR LINEAR LINEAR LINEAR
LINEAR LINEAR LINEAR LINEAR LINEAR LINEAR LINEAR LINEAR LINEAR LINEAR LINEAR LINEAR
LINEAR LINEAR LINEAR LINEAR LINEAR LINEAR LINEAR LINEAR LINEAR LINEAR LINEAR LINEAR</Name_array><technique_common><accessor source="#Spine-Interpolations-array" count="35"><param type="name"/></accessor></technique_common></source><sampler id="Spine-Matrix-animation-transform"><input semantic="INPUT" source="#Spine-Matrix-animation-input"/><input semantic="OUTPUT" source="#Spine-Matrix-animation-output-transform"/><input semantic="INTERPOLATION" source="#Spine-Interpolations"/></sampler><channel source="#Spine-Matrix-animation-transform" target="Spine/matrix"/></animation>
    <animation id="Spine1-anim" name="Spine1"><source id="Spine1-Matrix-animation-input"><float_array id="Spine1-Matrix-animation-input-array" count="35">

0.000000 0.033333 0.066667 0.100000 0.133333 0.166667 0.200000 0.233333 0.266667 0.300000 0.333333 0.366667 0.400000 0.433333 0.466667 0.500000
0.533333 0.566667 0.600000 0.633333 0.666667 0.700000 0.733333 0.766667 0.800000 0.833333 0.866667 0.900000 0.933333 0.966667 1.000000 1.033333
1.066667 1.100000 1.133333</float_array><technique_common><accessor source="#Spine1-Matrix-animation-input-array" count="35"><param name="TIME" type="float"/></accessor></technique_common></source><source id="Spine1-Matrix-animation-output-transform"><float_array id="Spine1-Matrix-animation-output-transform-array" count="560">

0.998331 -0.054702 0.018532 -0.006600 0.056176 0.994212 -0.091583 12.711700 -0.013415 0.092471 0.995625 -1.491800 0.000000 0.000000 0.000000 1.000000
0.998939 -0.039984 0.022866 -0.006600 0.041848 0.995254 -0.087855 12.711700 -0.019245 0.088719 0.995871 -1.491800 0.000000 0.000000 0.000000 1.000000
0.999371 -0.023558 0.026515 -0.006600 0.025850 0.995634 -0.089697 12.711700 -0.024286 0.090325 0.995616 -1.491800 0.000000 0.000000 0.000000 1.000000
0.999566 -0.006578 0.028699 -0.006600 0.009425 0.994919 -0.100233 12.711700 -0.027894 0.100460 0.994550 -1.491800 0.000000 0.000000 0.000000 1.000000
0.999526 0.005895 0.030219 -0.006600 -0.002282 0.992984 -0.118226 12.711700 -0.030704 0.118101 0.992527 -1.491800 0.000000 0.000000 0.000000 1.000000
0.999345 0.016761 0.032057 -0.006600 -0.012390 0.991174 -0.131987 12.711700 -0.033986 0.131503 0.990733 -1.491800 0.000000 0.000000 0.000000 1.000000
0.999074 0.025958 0.034326 -0.006600 -0.020966 0.990135 -0.138540 12.711700 -0.037583 0.137692 0.989762 -1.491800 0.000000 0.000000 0.000000 1.000000
0.998888 0.030180 0.036228 -0.006600 -0.024988 0.990382 -0.136087 12.711700 -0.039986 0.135031 0.990034 -1.491800 0.000000 0.000000 0.000000 1.000000
0.998832 0.031479 0.036651 -0.006600 -0.026651 0.991736 -0.125499 12.711700 -0.040299 0.124375 0.991417 -1.491800 0.000000 0.000000 0.000000 1.000000
0.998977 0.028601 0.035014 -0.006600 -0.024596 0.993638 -0.109906 12.711700 -0.037935 0.108933 0.993325 -1.491800 0.000000 0.000000 0.000000 1.000000
0.999276 0.021360 0.031499 -0.006600 -0.018140 0.994903 -0.099192 12.711700 -0.033457 0.098548 0.994570 -1.491800 0.000000 0.000000 0.000000 1.000000
0.999533 0.014873 0.026677 -0.006600 -0.012335 0.995598 -0.092915 12.711700 -0.027941 0.092542 0.995317 -1.491800 0.000000 0.000000 0.000000 1.000000
0.999685 0.012240 0.021910 -0.006600 -0.010204 0.995824 -0.090718 12.711700 -0.022929 0.090466 0.995636 -1.491800 0.000000 0.000000 0.000000 1.000000
0.999799 0.009502 0.017634 -0.006600 -0.007818 0.995614 -0.093224 12.711700 -0.018442 0.093068 0.995489 -1.491800 0.000000 0.000000 0.000000 1.000000
0.999899 0.003439 0.013816 -0.006600 -0.002114 0.995497 -0.094769 12.711700 -0.014079 0.094730 0.995403 -1.491800 0.000000 0.000000 0.000000 1.000000
0.999936 -0.005663 0.009745 -0.006600 0.006500 0.996089 -0.088113 12.711700 -0.009208 0.088170 0.996063 -1.491800 0.000000 0.000000 0.000000 1.000000
0.999889 -0.014245 0.004476 -0.006600 0.014544 0.996996 -0.076073 12.711700 -0.003379 0.076129 0.997092 -1.491800 0.000000 0.000000 0.000000 1.000000
0.999790 -0.020467 -0.000308 -0.006600 0.020401 0.997565 -0.066696 12.711700 0.001672 0.066676 0.997773 -1.491800 0.000000 0.000000 0.000000 1.000000
0.999444 -0.033084 -0.004127 -0.006600 0.032727 0.997146 -0.068034 12.711700 0.006366 0.067861 0.997674 -1.491800 0.000000 0.000000 0.000000 1.000000
0.998735 -0.049717 -0.007586 -0.006600 0.048955 0.995609 -0.079788 12.711700 0.011519 0.079315 0.996783 -1.491800 0.000000 0.000000 0.000000 1.000000
0.998250 -0.058212 -0.010441 -0.006600 0.056988 0.994000 -0.093365 12.711700 0.015813 0.092606 0.995577 -1.491800 0.000000 0.000000 0.000000 1.000000
0.997736 -0.066115 -0.012290 -0.006600 0.064341 0.991681 -0.111483 12.711700 0.019558 0.110440 0.993690 -1.491800 0.000000 0.000000 0.000000 1.000000
0.996967 -0.076612 -0.013660 -0.006600 0.074216 0.988828 -0.129272 12.711700 0.023411 0.127866 0.991515 -1.491800 0.000000 0.000000 0.000000 1.000000
0.996117 -0.086634 -0.015638 -0.006600 0.083648 0.986808 -0.138608 12.711700 0.027440 0.136762 0.990224 -1.491800 0.000000 0.000000 0.000000 1.000000
0.995686 -0.091022 -0.017990 -0.006600 0.087695 0.986554 -0.137919 12.711700 0.030302 0.135747 0.990280 -1.491800 0.000000 0.000000 0.000000 1.000000
0.995644 -0.091177 -0.019466 -0.006600 0.087967 0.987882 -0.127868 12.711700 0.030889 0.125599 0.991600 -1.491800 0.000000 0.000000 0.000000 1.000000
0.995867 -0.088768 -0.019203 -0.006600 0.085979 0.989575 -0.115535 12.711700 0.029258 0.113406 0.993118 -1.491800 0.000000 0.000000 0.000000 1.000000
0.996347 -0.083745 -0.016735 -0.006600 0.081433 0.990674 -0.109240 12.711700 0.025727 0.107478 0.993874 -1.491800 0.000000 0.000000 0.000000 1.000000
0.996788 -0.079172 -0.012097 -0.006600 0.077418 0.991165 -0.107691 12.711700 0.020517 0.106409 0.994111 -1.491800 0.000000 0.000000 0.000000 1.000000
0.996848 -0.079060 -0.006598 -0.006600 0.077868 0.990947 -0.109368 12.711700 0.015185 0.108509 0.993979 -1.491800 0.000000 0.000000 0.000000 1.000000
0.996671 -0.081523 -0.001339 -0.006600 0.080862 0.990428 -0.111867 12.711700 0.010446 0.111386 0.993722 -1.491800 0.000000 0.000000 0.000000 1.000000
0.996669 -0.081458 0.003919 -0.006600 0.081382 0.990337 -0.112292 12.711700 0.005266 0.112237 0.993668 -1.491800 0.000000 0.000000 0.000000 1.000000
0.996993 -0.076963 0.008996 -0.006600 0.077484 0.991310 -0.106301 12.711700 -0.000736 0.106678 0.994293 -1.491800 0.000000 0.000000 0.000000 1.000000
0.997611 -0.067672 0.013859 -0.006600 0.068712 0.992744 -0.098685 12.711700 -0.007080 0.099401 0.995022 -1.491800 0.000000 0.000000 0.000000 1.000000
0.998331 -0.054702 0.018532 -0.006600 0.056176 0.994212 -0.091583 12.711700 -0.013415 0.092471 0.995625 -1.491800 0.000000 0.000000 0.000000 1.000000</float_array><technique_common><accessor source="#Spine1-Matrix-animation-output-transform-array" count="35" stride="16"><param type="float4x4"/></accessor></technique_common></source><source id="Spine1-Interpolations"><Name_array id="Spine1-Interpolations-array" count="35">
 LINEAR LINEAR LINEAR LINEAR LINEAR LINEAR LINEAR LINEAR LINEAR LINEAR LINEAR
LINEAR LINEAR LINEAR LINEAR LINEAR LINEAR LINEAR LINEAR LINEAR LINEAR LINEAR LINEAR
LINEAR LINEAR LINEAR LINEAR LINEAR LINEAR LINEAR LINEAR LINEAR LINEAR LINEAR LINEAR</Name_array><technique_common><accessor source="#Spine1-Interpolations-array" count="35"><param type="name"/></accessor></technique_common></source><sampler id="Spine1-Matrix-animation-transform"><input semantic="INPUT" source="#Spine1-Matrix-animation-input"/><input semantic="OUTPUT" source="#Spine1-Matrix-animation-output-transform"/><input semantic="INTERPOLATION" source="#Spine1-Interpolations"/></sampler><channel source="#Spine1-Matrix-animation-transform" target="Spine1/matrix"/></animation>
    <animation id="Spine2-anim" name="Spine2"><source id="Spine2-Matrix-animation-input"><float_array id="Spine2-Matrix-animation-input-array" count="35">

0.000000 0.033333 0.066667 0.100000 0.133333 0.166667 0.200000 0.233333 0.266667 0.300000 0.333333 0.366667 0.400000 0.433333 0.466667 0.500000
0.533333 0.566667 0.600000 0.633333 0.666667 0.700000 0.733333 0.766667 0.800000 0.833333 0.866667 0.900000 0.933333 0.966667 1.000000 1.033333
1.066667 1.100000 1.133333</float_array><technique_common><accessor source="#Spine2-Matrix-animation-input-array" count="35"><param name="TIME" type="float"/></accessor></technique_common></source><source id="Spine2-Matrix-animation-output-transform"><float_array id="Spine2-Matrix-animation-output-transform-array" count="560">

0.998277 -0.055839 0.018007 -0.007600 0.057255 0.994187 -0.091178 14.527700 -0.012811 0.092052 0.995672 -1.704900 0.000000 0.000000 0.000000 1.000000
0.998894 -0.041454 0.022206 -0.007600 0.043247 0.995224 -0.087510 14.527700 -0.018473 0.088374 0.995916 -1.704900 0.000000 0.000000 0.000000 1.000000
0.999347 -0.025442 0.025643 -0.007600 0.027644 0.995600 -0.089535 14.527700 -0.023252 0.090185 0.995654 -1.704900 0.000000 0.000000 0.000000 1.000000
0.999579 -0.009009 0.027586 -0.007600 0.011738 0.994878 -0.100398 14.527700 -0.026540 0.100679 0.994565 -1.704900 0.000000 0.000000 0.000000 1.000000
0.999578 0.002723 0.028909 -0.007600 0.000726 0.992937 -0.118642 14.527700 -0.029028 0.118613 0.992516 -1.704900 0.000000 0.000000 0.000000 1.000000
0.999444 0.012867 0.030751 -0.007600 -0.008678 0.991126 -0.132644 14.527700 -0.032185 0.132303 0.990687 -1.704900 0.000000 0.000000 0.000000 1.000000
0.999215 0.021492 0.033275 -0.007600 -0.016653 0.990094 -0.139415 14.527700 -0.035941 0.138752 0.989675 -1.704900 0.000000 0.000000 0.000000 1.000000
0.999041 0.025569 0.035554 -0.007600 -0.020470 0.990355 -0.137035 14.527700 -0.038715 0.136176 0.989928 -1.704900 0.000000 0.000000 0.000000 1.000000
0.998967 0.027265 0.036348 -0.007600 -0.022468 0.991725 -0.126395 14.527700 -0.039493 0.125448 0.991314 -1.704900 0.000000 0.000000 0.000000 1.000000
0.999067 0.025208 0.035069 -0.007600 -0.021190 0.993642 -0.110570 14.527700 -0.037633 0.109723 0.993249 -1.704900 0.000000 0.000000 0.000000 1.000000
0.999316 0.018733 0.031886 -0.007600 -0.015476 0.994917 -0.099498 14.527700 -0.033588 0.098936 0.994527 -1.704900 0.000000 0.000000 0.000000 1.000000
0.999544 0.012880 0.027309 -0.007600 -0.010289 0.995614 -0.092988 14.527700 -0.028387 0.092665 0.995293 -1.704900 0.000000 0.000000 0.000000 1.000000
0.999686 0.010710 0.022656 -0.007600 -0.008612 0.995835 -0.090766 14.527700 -0.023533 0.090542 0.995615 -1.704900 0.000000 0.000000 0.000000 1.000000
0.999795 0.008295 0.018447 -0.007600 -0.006539 0.995618 -0.093281 14.527700 -0.019139 0.093141 0.995469 -1.704900 0.000000 0.000000 0.000000 1.000000
0.999889 0.002528 0.014704 -0.007600 -0.001123 0.995500 -0.094759 14.527700 -0.014877 0.094732 0.995392 -1.704900 0.000000 0.000000 0.000000 1.000000
0.999924 -0.006196 0.010634 -0.007600 0.007108 0.996093 -0.088026 14.527700 -0.010047 0.088095 0.996061 -1.704900 0.000000 0.000000 0.000000 1.000000
0.999882 -0.014402 0.005311 -0.007600 0.014764 0.996998 -0.076008 14.527700 -0.004200 0.076078 0.997093 -1.704900 0.000000 0.000000 0.000000 1.000000
0.999792 -0.020393 0.000522 -0.007600 0.020383 0.997563 -0.066730 14.527700 0.000840 0.066727 0.997771 -1.704900 0.000000 0.000000 0.000000 1.000000
0.999456 -0.032833 -0.003134 -0.007600 0.032543 0.997140 -0.068213 14.527700 0.005364 0.068074 0.997666 -1.704900 0.000000 0.000000 0.000000 1.000000
0.998769 -0.049197 -0.006356 -0.007600 0.048530 0.995596 -0.080212 14.527700 0.010274 0.079804 0.996758 -1.704900 0.000000 0.000000 0.000000 1.000000
0.998313 -0.057340 -0.009101 -0.007600 0.056234 0.993978 -0.094046 14.527700 0.014439 0.093375 0.995526 -1.704900 0.000000 0.000000 0.000000 1.000000
0.997842 -0.064749 -0.010914 -0.007600 0.063118 0.991653 -0.112427 14.527700 0.018103 0.111495 0.993600 -1.704900 0.000000 0.000000 0.000000 1.000000
0.997135 -0.074619 -0.012424 -0.007600 0.072369 0.988798 -0.130543 14.527700 0.022025 0.129270 0.991365 -1.704900 0.000000 0.000000 0.000000 1.000000
0.996353 -0.084050 -0.014701 -0.007600 0.081172 0.986781 -0.140265 14.527700 0.026296 0.138560 0.990005 -1.704900 0.000000 0.000000 0.000000 1.000000
0.995959 -0.088134 -0.017274 -0.007600 0.084874 0.986527 -0.139859 14.527700 0.029367 0.137828 0.990021 -1.704900 0.000000 0.000000 0.000000 1.000000
0.995902 -0.088437 -0.018921 -0.007600 0.085255 0.987858 -0.129876 14.527700 0.030177 0.127730 0.991350 -1.704900 0.000000 0.000000 0.000000 1.000000
0.996076 -0.086461 -0.018878 -0.007600 0.083671 0.989559 -0.117353 14.527700 0.028827 0.115313 0.992911 -1.704900 0.000000 0.000000 0.000000 1.000000
0.996502 -0.081890 -0.016695 -0.007600 0.079557 0.990670 -0.110650 14.527700 0.025600 0.108935 0.993719 -1.704900 0.000000 0.000000 0.000000 1.000000
0.996891 -0.077812 -0.012357 -0.007600 0.076019 0.991171 -0.108637 14.527700 0.020701 0.107359 0.994005 -1.704900 0.000000 0.000000 0.000000 1.000000
0.996915 -0.078164 -0.007100 -0.007600 0.076913 0.990955 -0.109969 14.527700 0.015632 0.109084 0.993910 -1.704900 0.000000 0.000000 0.000000 1.000000
0.996708 -0.081049 -0.001939 -0.007600 0.080320 0.990433 -0.112213 14.527700 0.011015 0.111688 0.993682 -1.704900 0.000000 0.000000 0.000000 1.000000
0.996672 -0.081447 0.003361 -0.007600 0.081308 0.990336 -0.112358 14.527700 0.005823 0.112258 0.993662 -1.704900 0.000000 0.000000 0.000000 1.000000
0.996962 -0.077422 0.008547 -0.007600 0.077892 0.991301 -0.106093 14.527700 -0.000259 0.106436 0.994319 -1.704900 0.000000 0.000000 0.000000 1.000000
0.997561 -0.068505 0.013407 -0.007600 0.069494 0.992727 -0.098309 14.527700 -0.006575 0.099001 0.995066 -1.704900 0.000000 0.000000 0.000000 1.000000
0.998277 -0.055839 0.018007 -0.007600 0.057255 0.994187 -0.091178 14.527700 -0.012811 0.092052 0.995672 -1.704900 0.000000 0.000000 0.000000 1.000000</float_array><technique_common><accessor source="#Spine2-Matrix-animation-output-transform-array" count="35" stride="16"><param type="float4x4"/></accessor></technique_common></source><source id="Spine2-Interpolations"><Name_array id="Spine2-Interpolations-array" count="35">
 LINEAR LINEAR LINEAR LINEAR LINEAR LINEAR LINEAR LINEAR LINEAR LINEAR LINEAR
LINEAR LINEAR LINEAR LINEAR LINEAR LINEAR LINEAR LINEAR LINEAR LINEAR LINEAR LINEAR
LINEAR LINEAR LINEAR LINEAR LINEAR LINEAR LINEAR LINEAR LINEAR LINEAR LINEAR LINEAR</Name_array><technique_common><accessor source="#Spine2-Interpolations-array" count="35"><param type="name"/></accessor></technique_common></source><sampler id="Spine2-Matrix-animation-transform"><input semantic="INPUT" source="#Spine2-Matrix-animation-input"/><input semantic="OUTPUT" source="#Spine2-Matrix-animation-output-transform"/><input semantic="INTERPOLATION" source="#Spine2-Interpolations"/></sampler><channel source="#Spine2-Matrix-animation-transform" target="Spine2/matrix"/></animation>
    <animation id="Neck-anim" name="Neck"><source id="Neck-Matrix-animation-input"><float_array id="Neck-Matrix-animation-input-array" count="35">

0.000000 0.033333 0.066667 0.100000 0.133333 0.166667 0.200000 0.233333 0.266667 0.300000 0.333333 0.366667 0.400000 0.433333 0.466667 0.500000
0.533333 0.566667 0.600000 0.633333 0.666667 0.700000 0.733333 0.766667 0.800000 0.833333 0.866667 0.900000 0.933333 0.966667 1.000000 1.033333
1.066667 1.100000 1.133333</float_array><technique_common><accessor source="#Neck-Matrix-animation-input-array" count="35"><param name="TIME" type="float"/></accessor></technique_common></source><source id="Neck-Matrix-animation-output-transform"><float_array id="Neck-Matrix-animation-output-transform-array" count="560">

0.999737 0.012574 -0.019158 -0.008500 -0.014578 0.994010 -0.108313 16.343599 0.017681 0.108564 0.993932 -1.918000 0.000000 0.000000 0.000000 1.000000
0.999595 0.010768 -0.026332 -0.008500 -0.014046 0.991719 -0.127655 16.343599 0.024739 0.127973 0.991469 -1.918000 0.000000 0.000000 0.000000 1.000000
0.999420 0.008131 -0.033065 -0.008500 -0.012722 0.989913 -0.141104 16.343599 0.031585 0.141443 0.989442 -1.918000 0.000000 0.000000 0.000000 1.000000
0.999252 0.005335 -0.038289 -0.008500 -0.010853 0.989315 -0.145392 16.343599 0.037104 0.145698 0.988633 -1.918000 0.000000 0.000000 0.000000 1.000000
0.999126 0.005864 -0.041380 -0.008500 -0.011804 0.989391 -0.144800 16.343599 0.040092 0.145162 0.988595 -1.918000 0.000000 0.000000 0.000000 1.000000
0.999043 0.007673 -0.043071 -0.008500 -0.013642 0.990051 -0.140045 16.343599 0.041568 0.140499 0.989208 -1.918000 0.000000 0.000000 0.000000 1.000000
0.999005 0.008030 -0.043872 -0.008500 -0.013827 0.990957 -0.133463 16.343599 0.042403 0.133937 0.990082 -1.918000 0.000000 0.000000 0.000000 1.000000
0.999028 0.008394 -0.043265 -0.008500 -0.013900 0.991600 -0.128592 16.343599 0.041822 0.129068 0.990753 -1.918000 0.000000 0.000000 0.000000 1.000000
0.999061 0.009925 -0.042185 -0.008500 -0.015134 0.992041 -0.125000 16.343599 0.040609 0.125521 0.991260 -1.918000 0.000000 0.000000 0.000000 1.000000
0.999073 0.011848 -0.041386 -0.008500 -0.016839 0.992337 -0.122405 16.343599 0.039619 0.122988 0.991617 -1.918000 0.000000 0.000000 0.000000 1.000000
0.999105 0.014066 -0.039902 -0.008500 -0.018745 0.992664 -0.119446 16.343599 0.037929 0.120087 0.992039 -1.918000 0.000000 0.000000 0.000000 1.000000
0.999224 0.015166 -0.036353 -0.008500 -0.019294 0.993058 -0.116028 16.343599 0.034341 0.116640 0.992580 -1.918000 0.000000 0.000000 0.000000 1.000000
0.999402 0.014544 -0.031368 -0.008500 -0.017994 0.993470 -0.112663 16.343599 0.029524 0.113160 0.993138 -1.918000 0.000000 0.000000 0.000000 1.000000
0.999548 0.014979 -0.026071 -0.008500 -0.017705 0.994024 -0.107719 16.343599 0.024302 0.108132 0.993839 -1.918000 0.000000 0.000000 0.000000 1.000000
0.999641 0.017924 -0.019924 -0.008500 -0.019898 0.994403 -0.103762 16.343599 0.017953 0.104121 0.994403 -1.918000 0.000000 0.000000 0.000000 1.000000
0.999655 0.023303 -0.012121 -0.008500 -0.024456 0.994091 -0.105762 16.343599 0.009585 0.106022 0.994318 -1.918000 0.000000 0.000000 0.000000 1.000000
0.999631 0.026871 -0.004004 -0.008500 -0.027151 0.993320 -0.112151 16.343599 0.000964 0.112218 0.993683 -1.918000 0.000000 0.000000 0.000000 1.000000
0.999666 0.025711 0.002679 -0.008500 -0.025220 0.992784 -0.117232 16.343599 -0.005674 0.117125 0.993101 -1.918000 0.000000 0.000000 0.000000 1.000000
0.999614 0.026529 0.008245 -0.008500 -0.025403 0.993002 -0.115334 16.343599 -0.011247 0.115080 0.993293 -1.918000 0.000000 0.000000 0.000000 1.000000
0.999472 0.029733 0.013105 -0.008500 -0.028123 0.993598 -0.109418 16.343599 -0.016274 0.108992 0.993909 -1.918000 0.000000 0.000000 0.000000 1.000000
0.999460 0.028231 0.016812 -0.008500 -0.026283 0.993958 -0.106569 16.343599 -0.019719 0.106070 0.994163 -1.918000 0.000000 0.000000 0.000000 1.000000
0.999513 0.024331 0.019525 -0.008500 -0.022205 0.994479 -0.102556 16.343599 -0.021912 0.102073 0.994536 -1.918000 0.000000 0.000000 0.000000 1.000000
0.999520 0.022460 0.021347 -0.008500 -0.020349 0.995323 -0.094439 16.343599 -0.023368 0.093959 0.995302 -1.918000 0.000000 0.000000 0.000000 1.000000
0.999476 0.023618 0.022127 -0.008500 -0.021652 0.996126 -0.085231 16.343599 -0.024054 0.084707 0.996116 -1.918000 0.000000 0.000000 0.000000 1.000000
0.999514 0.022191 0.021888 -0.008500 -0.020420 0.996739 -0.078066 16.343599 -0.023549 0.077581 0.996708 -1.918000 0.000000 0.000000 0.000000 1.000000
0.999608 0.018548 0.020973 -0.008500 -0.016939 0.997083 -0.074428 16.343599 -0.022292 0.074043 0.997006 -1.918000 0.000000 0.000000 0.000000 1.000000
0.999665 0.016632 0.019816 -0.008500 -0.015189 0.997370 -0.070863 16.343599 -0.020943 0.070538 0.997289 -1.918000 0.000000 0.000000 0.000000 1.000000
0.999681 0.016592 0.019063 -0.008500 -0.015333 0.997807 -0.064384 16.343599 -0.020089 0.064071 0.997743 -1.918000 0.000000 0.000000 0.000000 1.000000
0.999689 0.017376 0.017900 -0.008500 -0.016312 0.998186 -0.057947 16.343599 -0.018874 0.057637 0.998159 -1.918000 0.000000 0.000000 0.000000 1.000000
0.999752 0.016694 0.014738 -0.008500 -0.015866 0.998383 -0.054587 16.343599 -0.015625 0.054339 0.998400 -1.918000 0.000000 0.000000 0.000000 1.000000
0.999857 0.014262 0.009103 -0.008500 -0.013728 0.998325 -0.056197 16.343599 -0.009889 0.056064 0.998378 -1.918000 0.000000 0.000000 0.000000 1.000000
0.999927 0.011901 0.001881 -0.008500 -0.011761 0.997978 -0.062458 16.343599 -0.002620 0.062431 0.998046 -1.918000 0.000000 0.000000 0.000000 1.000000
0.999916 0.011796 -0.005294 -0.008500 -0.012146 0.997344 -0.071810 16.343599 0.004433 0.071868 0.997404 -1.918000 0.000000 0.000000 0.000000 1.000000
0.999839 0.013356 -0.011991 -0.008500 -0.014357 0.996044 -0.087689 16.343599 0.010773 0.087847 0.996076 -1.918000 0.000000 0.000000 0.000000 1.000000
0.999737 0.012574 -0.019158 -0.008500 -0.014578 0.994010 -0.108313 16.343599 0.017681 0.108564 0.993932 -1.918000 0.000000 0.000000 0.000000 1.000000</float_array><technique_common><accessor source="#Neck-Matrix-animation-output-transform-array" count="35" stride="16"><param type="float4x4"/></accessor></technique_common></source><source id="Neck-Interpolations"><Name_array id="Neck-Interpolations-array" count="35">
 LINEAR LINEAR LINEAR LINEAR LINEAR LINEAR LINEAR LINEAR LINEAR LINEAR LINEAR
LINEAR LINEAR LINEAR LINEAR LINEAR LINEAR LINEAR LINEAR LINEAR LINEAR LINEAR LINEAR
LINEAR LINEAR LINEAR LINEAR LINEAR LINEAR LINEAR LINEAR LINEAR LINEAR LINEAR LINEAR</Name_array><technique_common><accessor source="#Neck-Interpolations-array" count="35"><param type="name"/></accessor></technique_common></source><sampler id="Neck-Matrix-animation-transform"><input semantic="INPUT" source="#Neck-Matrix-animation-input"/><input semantic="OUTPUT" source="#Neck-Matrix-animation-output-transform"/><input semantic="INTERPOLATION" source="#Neck-Interpolations"/></sampler><channel source="#Neck-Matrix-animation-transform" target="Neck/matrix"/></animation>
    <animation id="Head-anim" name="Head"><source id="Head-Matrix-animation-input"><float_array id="Head-Matrix-animation-input-array" count="35">

0.000000 0.033333 0.066667 0.100000 0.133333 0.166667 0.200000 0.233333 0.266667 0.300000 0.333333 0.366667 0.400000 0.433333 0.466667 0.500000
0.533333 0.566667 0.600000 0.633333 0.666667 0.700000 0.733333 0.766667 0.800000 0.833333 0.866667 0.900000 0.933333 0.966667 1.000000 1.033333
1.066667 1.100000 1.133333</float_array><technique_common><accessor source="#Head-Matrix-animation-input-array" count="35"><param name="TIME" type="float"/></accessor></technique_common></source><source id="Head-Matrix-animation-output-transform"><float_array id="Head-Matrix-animation-output-transform-array" count="560">

0.992727 0.095957 -0.072702 -0.000000 -0.080421 0.977966 0.192653 7.472600 0.089586 -0.185405 0.978570 1.897700 0.000000 0.000000 0.000000 1.000000
0.989813 0.093993 -0.106933 0.000000 -0.067709 0.971492 0.227196 7.472600 0.125239 -0.217641 0.967960 1.897700 0.000000 0.000000 0.000000 1.000000
0.985818 0.092391 -0.140096 0.000000 -0.055893 0.967907 0.245015 7.472600 0.158237 -0.233710 0.959344 1.897700 0.000000 0.000000 0.000000 1.000000
0.981674 0.089740 -0.168114 0.000000 -0.048147 0.970356 0.236834 7.472600 0.184384 -0.224400 0.956895 1.897700 0.000000 0.000000 0.000000 1.000000
0.978530 0.085835 -0.187379 0.000000 -0.041719 0.972821 0.227770 7.472600 0.201837 -0.215063 0.955515 1.897700 0.000000 0.000000 0.000000 1.000000
0.976322 0.076273 -0.202427 -0.000000 -0.031009 0.975459 0.217989 7.472600 0.214086 -0.206550 0.954727 1.897700 0.000000 0.000000 0.000000 1.000000
0.975037 0.065760 -0.212082 0.000000 -0.019697 0.976989 0.212378 7.472600 0.221168 -0.202899 0.953896 1.897700 0.000000 0.000000 0.000000 1.000000
0.975459 0.059092 -0.212104 0.000000 -0.014067 0.978071 0.207796 7.472600 0.219732 -0.199712 0.954899 1.897700 0.000000 0.000000 0.000000 1.000000
0.976194 0.051499 -0.210697 0.000000 -0.009363 0.980504 0.196277 7.472600 0.216697 -0.189631 0.957644 1.897700 0.000000 0.000000 0.000000 1.000000
0.976452 0.042551 -0.211496 0.000000 -0.002736 0.982720 0.185080 7.472600 0.215717 -0.180143 0.959695 1.897700 0.000000 0.000000 0.000000 1.000000
0.977651 0.038475 -0.206681 0.000000 -0.001391 0.984273 0.176651 7.472600 0.210228 -0.172415 0.962329 1.897700 0.000000 0.000000 0.000000 1.000000
0.981215 0.037168 -0.189302 0.000000 -0.005126 0.985942 0.167010 7.472600 0.192849 -0.162902 0.967612 1.897700 0.000000 0.000000 0.000000 1.000000
0.985910 0.035613 -0.163441 0.000000 -0.008655 0.986625 0.162774 7.472600 0.167052 -0.159066 0.973032 1.897700 0.000000 0.000000 0.000000 1.000000
0.990082 0.036926 -0.135551 -0.000000 -0.014262 0.986274 0.164501 7.472600 0.139765 -0.160936 0.977019 1.897700 0.000000 0.000000 0.000000 1.000000
0.993741 0.038861 -0.104734 0.000000 -0.020847 0.985584 0.167898 7.472600 0.109749 -0.164663 0.980225 1.897700 0.000000 0.000000 0.000000 1.000000
0.996971 0.039710 -0.066874 0.000000 -0.027902 0.985211 0.169060 7.472600 0.072599 -0.166682 0.983334 1.897700 0.000000 0.000000 0.000000 1.000000
0.998857 0.040205 -0.025853 0.000000 -0.035420 0.985745 0.164475 7.472600 0.032097 -0.163371 0.986042 1.897700 0.000000 0.000000 0.000000 1.000000
0.999149 0.039981 0.010133 0.000000 -0.041078 0.986696 0.157301 7.472600 -0.003710 -0.157583 0.987499 1.897700 0.000000 0.000000 0.000000 1.000000
0.998101 0.046006 0.040950 0.000000 -0.051760 0.986892 0.152854 7.472600 -0.033381 -0.154683 0.987400 1.897700 0.000000 0.000000 0.000000 1.000000
0.996219 0.054893 0.067343 0.000000 -0.064607 0.986301 0.151779 7.472600 -0.058089 -0.155556 0.986118 1.897700 0.000000 0.000000 0.000000 1.000000
0.994601 0.055440 0.087720 0.000000 -0.068241 0.986265 0.150417 7.472600 -0.078176 -0.155591 0.984723 1.897700 0.000000 0.000000 0.000000 1.000000
0.993055 0.054454 0.104292 0.000000 -0.069497 0.986763 0.146523 7.472600 -0.094933 -0.152753 0.983694 1.897700 0.000000 0.000000 0.000000 1.000000
0.991663 0.056673 0.115727 0.000000 -0.073032 0.987110 0.142405 7.472600 -0.106165 -0.149670 0.983020 1.897700 0.000000 0.000000 0.000000 1.000000
0.990960 0.060354 0.119819 0.000000 -0.077361 0.986725 0.142790 7.472600 -0.109611 -0.150768 0.982474 1.897700 0.000000 0.000000 0.000000 1.000000
