<?xml version="1.0" encoding="utf-8"?>
<COLLADA xmlns="http://www.collada.org/2005/11/COLLADASchema" version="1.4.1">
  <asset><contributor><author>Mixamo</author><authoring_tool>COLLADA Mixamo exporter</authoring_tool><comments></comments></contributor><created>2018-12-18T13:27:32Z</created><modified>2018-12-18T13:27:32Z</modified><revision></revision><title></title><unit meter="0.010000"/><up_axis>Y_UP</up_axis></asset>
  <library_animations>
    <animation id="Hips-anim" name="Hips"><source id="Hips-Matrix-animation-input"><float_array id="Hips-Matrix-animation-input-array" count="122">

0.000000 0.033333 0.066667 0.100000 0.133333 0.166667 0.200000 0.233333 0.266667 0.300000 0.333333 0.366667 0.400000 0.433333 0.466667 0.500000
0.533333 0.566667 0.600000 0.633333 0.666667 0.700000 0.733333 0.766667 0.800000 0.833333 0.866667 0.900000 0.933333 0.966667 1.000000 1.033333
1.066667 1.100000 1.133333 1.166667 1.200000 1.233333 1.266667 1.300000 1.333333 1.366667 1.400000 1.433333 1.466667 1.500000 1.533333 1.566667
1.600000 1.633333 1.666667 1.700000 1.733333 1.766667 1.800000 1.833333 1.866667 1.900000 1.933333 1.966667 2.000000 2.033333 2.066667 2.100000
2.133333 2.166667 2.200000 2.233333 2.266667 2.300000 2.333333 2.366667 2.400000 2.433333 2.466667 2.500000 2.533333 2.566667 2.600000 2.633333
2.666667 2.700000 2.733333 2.766667 2.800000 2.833333 2.866667 2.900000 2.933333 2.966667 3.000000 3.033333 3.066667 3.100000 3.133333 3.166667
3.200000 3.233333 3.266667 3.300000 3.333333 3.366667 3.400000 3.433333 3.466667 3.500000 3.533333 3.566667 3.600000 3.633333 3.666667 3.700000
3.733333 3.766667 3.800000 3.833333 3.866667 3.900000 3.933333 3.966667 4.000000 4.033333</float_array><technique_common><accessor source="#Hips-Matrix-animation-input-array" count="122"><param name="TIME" type="float"/></accessor></technique_common></source><source id="Hips-Matrix-animation-output-transform"><float_array id="Hips-Matrix-animation-output-transform-array" count="1952">

0.997491 0.048414 -0.051647 0.026611 -0.048139 0.998819 0.006556 110.480118 0.051904 -0.004053 0.998644 0.816084 0.000000 0.000000 0.000000 1.000000
0.997517 0.048489 -0.051084 0.009854 -0.048234 0.998817 0.006212 110.480705 0.051325 -0.003733 0.998675 0.852770 0.000000 0.000000 0.000000 1.000000
0.997551 0.048413 -0.050470 -0.003530 -0.048162 0.998820 0.006171 110.482185 0.050709 -0.003725 0.998707 0.890284 0.000000 0.000000 0.000000 1.000000
0.997601 0.048066 -0.049814 -0.012307 -0.047808 0.998836 0.006347 110.482552 0.050062 -0.003951 0.998738 0.921879 0.000000 0.000000 0.000000 1.000000
0.997665 0.047379 -0.049190 -0.015400 -0.047109 0.998868 0.006639 110.479523 0.049449 -0.004306 0.998767 0.942003 0.000000 0.000000 0.000000 1.000000
0.997737 0.046487 -0.048569 -0.015572 -0.046200 0.998908 0.007006 110.472084 0.048841 -0.004746 0.998795 0.948403 0.000000 0.000000 0.000000 1.000000
0.997815 0.045720 -0.047704 -0.020559 -0.045412 0.998940 0.007524 110.462311 0.047998 -0.005341 0.998833 0.943791 0.000000 0.000000 0.000000 1.000000
0.997894 0.045364 -0.046355 -0.036879 -0.045025 0.998951 0.008334 110.454483 0.046684 -0.006229 0.998890 0.932899 0.000000 0.000000 0.000000 1.000000
0.997981 0.045344 -0.044482 -0.063356 -0.044969 0.998944 0.009394 110.451752 0.044861 -0.007374 0.998966 0.915661 0.000000 0.000000 0.000000 1.000000
0.998066 0.045419 -0.042450 -0.094031 -0.045027 0.998934 0.010135 110.452591 0.042865 -0.008204 0.999047 0.878268 0.000000 0.000000 0.000000 1.000000
0.998120 0.045458 -0.041101 -0.125763 -0.045098 0.998936 0.009649 110.451897 0.041496 -0.007777 0.999108 0.796003 0.000000 0.000000 0.000000 1.000000
0.998123 0.045447 -0.041049 -0.160857 -0.045186 0.998952 0.007265 110.445549 0.041336 -0.005397 0.999131 0.657624 0.000000 0.000000 0.000000 1.000000
0.998105 0.045352 -0.041598 -0.201447 -0.045264 0.998970 0.003065 110.434326 0.041694 -0.001176 0.999130 0.482632 0.000000 0.000000 0.000000 1.000000
0.998130 0.045085 -0.041281 -0.242797 -0.045227 0.998974 -0.002523 110.422852 0.041125 0.004386 0.999144 0.299897 0.000000 0.000000 0.000000 1.000000
0.998236 0.044730 -0.039028 -0.279250 -0.045121 0.998939 -0.009183 110.413162 0.038576 0.010928 0.999196 0.120249 0.000000 0.000000 0.000000 1.000000
0.998421 0.044682 -0.034042 -0.320846 -0.045267 0.998837 -0.016625 110.406517 0.033260 0.018140 0.999282 -0.059394 0.000000 0.000000 0.000000 1.000000
0.998647 0.045311 -0.025507 -0.389932 -0.045938 0.998642 -0.024585 110.404488 0.024358 0.025723 0.999372 -0.241268 0.000000 0.000000 0.000000 1.000000
0.998817 0.046683 -0.013622 -0.496652 -0.047105 0.998359 -0.032556 110.409233 0.012080 0.033159 0.999377 -0.418892 0.000000 0.000000 0.000000 1.000000
0.998829 0.048378 0.000176 -0.621214 -0.048333 0.998041 -0.039722 110.423027 -0.002098 0.039667 0.999211 -0.578585 0.000000 0.000000 0.000000 1.000000
0.998653 0.049885 0.014296 -0.734111 -0.049192 0.997762 -0.045299 110.450020 -0.016523 0.044535 0.998871 -0.704795 0.000000 0.000000 0.000000 1.000000
0.998285 0.051257 0.028269 -0.835337 -0.049822 0.997540 -0.049323 110.486847 -0.030728 0.047830 0.998383 -0.786545 0.000000 0.000000 0.000000 1.000000
0.997676 0.053140 0.042643 -0.950132 -0.050836 0.997278 -0.053406 110.518387 -0.045365 0.051114 0.997662 -0.833498 0.000000 0.000000 0.000000 1.000000
0.996765 0.055973 0.057681 -1.087837 -0.052545 0.996855 -0.059323 110.529190 -0.060820 0.056100 0.996571 -0.868252 0.000000 0.000000 0.000000 1.000000
0.995537 0.059801 0.073003 -1.231001 -0.054911 0.996224 -0.067252 110.513519 -0.076749 0.062943 0.995062 -0.898184 0.000000 0.000000 0.000000 1.000000
0.994038 0.064294 0.088061 -1.361498 -0.057660 0.995446 -0.075914 110.482452 -0.092541 0.070384 0.993218 -0.913038 0.000000 0.000000 0.000000 1.000000
0.992354 0.069214 0.102187 -1.468677 -0.060733 0.994622 -0.083896 110.449013 -0.107444 0.077048 0.991221 -0.905683 0.000000 0.000000 0.000000 1.000000
0.990594 0.074525 0.114760 -1.550835 -0.064245 0.993794 -0.090810 110.418884 -0.120816 0.082583 0.989234 -0.881215 0.000000 0.000000 0.000000 1.000000
0.988839 0.080037 0.125662 -1.615129 -0.068057 0.992965 -0.096901 110.391464 -0.132533 0.087267 0.987329 -0.847615 0.000000 0.000000 0.000000 1.000000
0.987164 0.085304 0.135017 -1.667749 -0.071788 0.992191 -0.102002 110.365440 -0.142664 0.091000 0.985579 -0.806542 0.000000 0.000000 0.000000 1.000000
0.985667 0.089891 0.142763 -1.702446 -0.075082 0.991534 -0.105938 110.338150 -0.151077 0.093701 0.984071 -0.762740 0.000000 0.000000 0.000000 1.000000
0.984433 0.093603 0.148765 -1.711061 -0.077709 0.990968 -0.109286 110.303230 -0.157651 0.096024 0.982815 -0.733617 0.000000 0.000000 0.000000 1.000000
0.983491 0.096442 0.153116 -1.699171 -0.079518 0.990402 -0.113054 110.253868 -0.162549 0.099012 0.981720 -0.735149 0.000000 0.000000 0.000000 1.000000
0.982884 0.098417 0.155738 -1.676704 -0.080453 0.989781 -0.117730 110.186188 -0.165733 0.103186 0.980758 -0.765350 0.000000 0.000000 0.000000 1.000000
0.982268 0.099632 0.158819 -1.636807 -0.080446 0.989144 -0.122976 110.125969 -0.169347 0.108019 0.979619 -0.814572 0.000000 0.000000 0.000000 1.000000
0.981385 0.099905 0.164018 -1.586262 -0.079384 0.988691 -0.127237 110.082619 -0.174875 0.111848 0.978217 -0.851783 0.000000 0.000000 0.000000 1.000000
0.980054 0.099333 0.172127 -1.546224 -0.077450 0.988550 -0.129498 110.055244 -0.183020 0.113584 0.976526 -0.851389 0.000000 0.000000 0.000000 1.000000
0.978210 0.098717 0.182646 -1.537051 -0.075214 0.988469 -0.131422 110.038818 -0.193513 0.114821 0.974356 -0.819739 0.000000 0.000000 0.000000 1.000000
0.975896 0.098963 0.194510 -1.575583 -0.073258 0.988109 -0.135182 110.026901 -0.205575 0.117674 0.971541 -0.775226 0.000000 0.000000 0.000000 1.000000
0.973311 0.099968 0.206572 -1.643847 -0.071865 0.987632 -0.139347 110.014984 -0.217948 0.120783 0.968458 -0.723105 0.000000 0.000000 0.000000 1.000000
0.970962 0.100574 0.217067 -1.690886 -0.070750 0.987471 -0.141052 109.997864 -0.228534 0.121598 0.965912 -0.674222 0.000000 0.000000 0.000000 1.000000
0.969471 0.099189 0.224250 -1.692810 -0.068706 0.987782 -0.139881 109.972908 -0.235385 0.120203 0.964440 -0.641790 0.000000 0.000000 0.000000 1.000000
0.969029 0.095531 0.227720 -1.649948 -0.065212 0.988402 -0.137146 109.939796 -0.238180 0.118048 0.964020 -0.626557 0.000000 0.000000 0.000000 1.000000
0.969423 0.090185 0.228224 -1.567889 -0.060523 0.989159 -0.133794 109.916588 -0.237816 0.115890 0.964372 -0.624460 0.000000 0.000000 0.000000 1.000000
0.969997 0.084557 0.227937 -1.462457 -0.055687 0.989916 -0.130248 109.914581 -0.236652 0.113647 0.964925 -0.636391 0.000000 0.000000 0.000000 1.000000
0.970130 0.079167 0.229306 -1.359323 -0.050901 0.990638 -0.126667 109.932037 -0.237187 0.111211 0.965077 -0.652725 0.000000 0.000000 0.000000 1.000000
0.969630 0.073431 0.233293 -1.268212 -0.045504 0.991373 -0.122918 109.963982 -0.240306 0.108569 0.964606 -0.661047 0.000000 0.000000 0.000000 1.000000
0.968689 0.066655 0.239162 -1.185551 -0.039011 0.992185 -0.118517 109.996765 -0.245193 0.105476 0.963719 -0.665038 0.000000 0.000000 0.000000 1.000000
0.967419 0.059193 0.246162 -1.121142 -0.031933 0.993048 -0.113297 110.023773 -0.251158 0.101745 0.962584 -0.677585 0.000000 0.000000 0.000000 1.000000
0.965647 0.051624 0.254678 -1.085510 -0.024789 0.993898 -0.107477 110.055443 -0.258672 0.097472 0.961035 -0.706800 0.000000 0.000000 0.000000 1.000000
0.963464 0.044850 0.264057 -1.071932 -0.018380 0.994628 -0.101874 110.067635 -0.267208 0.093298 0.959112 -0.761110 0.000000 0.000000 0.000000 1.000000
0.961514 0.039224 0.271943 -1.073301 -0.013016 0.995149 -0.097515 110.037476 -0.274448 0.090223 0.957360 -0.854457 0.000000 0.000000 0.000000 1.000000
0.960340 0.033783 0.276776 -1.078635 -0.007822 0.995506 -0.094370 109.988701 -0.278721 0.088462 0.956289 -0.999154 0.000000 0.000000 0.000000 1.000000
0.960030 0.027782 0.278514 -1.058952 -0.002257 0.995798 -0.091551 109.942574 -0.279887 0.087263 0.956059 -1.201874 0.000000 0.000000 0.000000 1.000000
0.960525 0.020979 0.277402 -1.010625 0.003776 0.996078 -0.088403 109.914703 -0.278169 0.085960 0.956678 -1.460562 0.000000 0.000000 0.000000 1.000000
0.961642 0.013609 0.273970 -0.947627 0.010400 0.996242 -0.085990 109.893463 -0.274111 0.085541 0.957886 -1.778727 0.000000 0.000000 0.000000 1.000000
0.962813 0.003931 0.270139 -0.832235 0.019764 0.996190 -0.084937 109.839096 -0.269443 0.087118 0.959068 -2.172275 0.000000 0.000000 0.000000 1.000000
0.963987 -0.009557 0.265778 -0.624219 0.033037 0.995917 -0.084015 109.721306 -0.263890 0.089770 0.960366 -2.658836 0.000000 0.000000 0.000000 1.000000
0.966302 -0.025120 0.256181 -0.334071 0.047959 0.995370 -0.083299 109.500977 -0.252903 0.092779 0.963033 -3.249464 0.000000 0.000000 0.000000 1.000000
0.969951 -0.041403 0.239750 0.011806 0.063646 0.994279 -0.085785 109.180412 -0.234827 0.098467 0.967037 -3.942092 0.000000 0.000000 0.000000 1.000000
0.973768 -0.059208 0.219706 0.437539 0.081645 0.992173 -0.094483 108.701538 -0.212392 0.109942 0.970980 -4.709461 0.000000 0.000000 0.000000 1.000000
0.976939 -0.078987 0.198372 0.939214 0.101920 0.988893 -0.108177 107.981819 -0.187624 0.125900 0.974139 -5.486516 0.000000 0.000000 0.000000 1.000000
0.979138 -0.100205 0.176772 1.433662 0.122448 0.985224 -0.119753 107.011375 -0.162160 0.138900 0.976940 -6.194012 0.000000 0.000000 0.000000 1.000000
0.979965 -0.120904 0.158274 1.913400 0.140992 0.982401 -0.122516 105.869186 -0.140676 0.142377 0.979765 -6.753367 0.000000 0.000000 0.000000 1.000000
0.979147 -0.141999 0.145285 2.460557 0.159337 0.980434 -0.115590 104.723801 -0.126028 0.136329 0.982615 -7.089248 0.000000 0.000000 0.000000 1.000000
0.977495 -0.164162 0.132492 3.141281 0.178321 0.978550 -0.103155 103.697678 -0.112716 0.124459 0.985802 -7.172039 0.000000 0.000000 0.000000 1.000000
0.976170 -0.185389 0.112801 3.904331 0.195899 0.976437 -0.090520 102.810051 -0.093362 0.110461 0.989486 -7.056656 0.000000 0.000000 0.000000 1.000000
0.975949 -0.201233 0.083841 4.625585 0.207977 0.974741 -0.081401 102.019173 -0.065342 0.096880 0.993149 -6.858740 0.000000 0.000000 0.000000 1.000000
0.976571 -0.209778 0.047976 5.228399 0.213042 0.973923 -0.078018 101.302330 -0.030359 0.086411 0.995797 -6.658267 0.000000 0.000000 0.000000 1.000000
0.977198 -0.212123 0.009396 5.683119 0.212182 0.973901 -0.080599 100.651085 0.007946 0.080755 0.996702 -6.462877 0.000000 0.000000 0.000000 1.000000
0.977084 -0.211171 -0.026729 6.007683 0.208193 0.974253 -0.086526 100.087463 0.044313 0.078978 0.995891 -6.258655 0.000000 0.000000 0.000000 1.000000
0.976586 -0.207211 -0.057825 6.266131 0.201214 0.974905 -0.095255 99.698677 0.076112 0.081390 0.993772 -6.071346 0.000000 0.000000 0.000000 1.000000
0.975858 -0.201034 -0.085357 6.501057 0.191569 0.975571 -0.107529 99.508362 0.104889 0.088581 0.990531 -5.953250 0.000000 0.000000 0.000000 1.000000
0.974820 -0.193593 -0.110670 6.703655 0.179853 0.975969 -0.123036 99.487869 0.131829 0.100034 0.986212 -5.919376 0.000000 0.000000 0.000000 1.000000
0.973673 -0.184981 -0.133203 6.837326 0.166765 0.976434 -0.136989 99.573929 0.155404 0.111169 0.981576 -5.929061 0.000000 0.000000 0.000000 1.000000
0.972880 -0.175032 -0.151220 6.892814 0.153379 0.977519 -0.144679 99.728745 0.173144 0.117561 0.977855 -5.961204 0.000000 0.000000 0.000000 1.000000
0.972543 -0.163983 -0.165136 6.841516 0.140353 0.979297 -0.145873 99.935524 0.185638 0.118690 0.975424 -6.006522 0.000000 0.000000 0.000000 1.000000
0.972482 -0.151094 -0.177341 6.655764 0.126578 0.981698 -0.142290 100.187531 0.195595 0.115927 0.973809 -6.036476 0.000000 0.000000 0.000000 1.000000
0.972652 -0.135495 -0.188652 6.366247 0.111243 0.984755 -0.133728 100.513725 0.203895 0.109085 0.972896 -6.036990 0.000000 0.000000 0.000000 1.000000
0.972875 -0.118143 -0.198887 6.004069 0.095028 0.987966 -0.122035 100.963623 0.210911 0.099826 0.972395 -6.011158 0.000000 0.000000 0.000000 1.000000
0.972891 -0.100402 -0.208332 5.570403 0.078619 0.990779 -0.110346 101.550896 0.217490 0.090976 0.971813 -5.937181 0.000000 0.000000 0.000000 1.000000
0.972816 -0.082950 -0.216214 5.077936 0.062814 0.993162 -0.098404 102.250320 0.222898 0.082147 0.971374 -5.800665 0.000000 0.000000 0.000000 1.000000
0.973434 -0.066675 -0.219046 4.579851 0.049366 0.995279 -0.083567 103.021851 0.223583 0.070533 0.972129 -5.621216 0.000000 0.000000 0.000000 1.000000
0.975232 -0.051958 -0.214996 4.121915 0.038695 0.997105 -0.065448 103.851204 0.217774 0.055508 0.974419 -5.413655 0.000000 0.000000 0.000000 1.000000
0.977749 -0.039657 -0.205997 3.665064 0.030931 0.998490 -0.045409 104.706276 0.207487 0.038027 0.977498 -5.167681 0.000000 0.000000 0.000000 1.000000
0.980200 -0.029257 -0.195839 3.159977 0.024705 0.999366 -0.025647 105.531685 0.196465 0.020301 0.980301 -4.877915 0.000000 0.000000 0.000000 1.000000
0.982398 -0.019131 -0.185818 2.601027 0.018114 0.999810 -0.007165 106.294006 0.185920 0.003673 0.982558 -4.552635 0.000000 0.000000 0.000000 1.000000
0.984687 -0.008820 -0.174107 2.013778 0.010747 0.999891 0.010130 106.990082 0.173999 -0.011846 0.984675 -4.212976 0.000000 0.000000 0.000000 1.000000
0.987198 0.000950 -0.159496 1.427676 0.003317 0.999644 0.026486 107.616455 0.159464 -0.026676 0.986843 -3.875284 0.000000 0.000000 0.000000 1.000000
0.989475 0.010176 -0.144347 0.848548 -0.004218 0.999129 0.041519 108.155411 0.144644 -0.040473 0.988656 -3.542682 0.000000 0.000000 0.000000 1.000000
0.991207 0.018773 -0.130978 0.283316 -0.011709 0.998445 0.054493 108.606049 0.131798 -0.052480 0.989886 -3.230999 0.000000 0.000000 0.000000 1.000000
0.992450 0.026857 -0.119672 -0.253782 -0.019175 0.997709 0.064880 108.959625 0.121141 -0.062096 0.990691 -2.986670 0.000000 0.000000 0.000000 1.000000
0.993316 0.035249 -0.109909 -0.756540 -0.027367 0.996999 0.072412 109.207802 0.112131 -0.068920 0.991300 -2.851653 0.000000 0.000000 0.000000 1.000000
0.993900 0.043770 -0.101223 -1.204581 -0.035951 0.996319 0.077823 109.364944 0.104257 -0.073709 0.991815 -2.813842 0.000000 0.000000 0.000000 1.000000
0.994299 0.051160 -0.093557 -1.583988 -0.043461 0.995638 0.082561 109.461502 0.097372 -0.078025 0.992185 -2.841561 0.000000 0.000000 0.000000 1.000000
0.994614 0.056863 -0.086662 -1.911902 -0.049252 0.994941 0.087560 109.523087 0.091202 -0.082820 0.992382 -2.920763 0.000000 0.000000 0.000000 1.000000
0.994932 0.061169 -0.079802 -2.201261 -0.053691 0.994245 0.092707 109.559616 0.085014 -0.087952 0.992490 -3.037086 0.000000 0.000000 0.000000 1.000000
0.995280 0.064219 -0.072753 -2.435629 -0.056979 0.993598 0.097553 109.567490 0.078552 -0.092947 0.992568 -3.181358 0.000000 0.000000 0.000000 1.000000
0.995612 0.065919 -0.066417 -2.593522 -0.058962 0.993060 0.101757 109.547890 0.072664 -0.097394 0.992590 -3.363078 0.000000 0.000000 0.000000 1.000000
0.995895 0.066418 -0.061504 -2.681384 -0.059738 0.992705 0.104725 109.520866 0.068011 -0.100620 0.992598 -3.588838 0.000000 0.000000 0.000000 1.000000
0.996128 0.065942 -0.058139 -2.723001 -0.059569 0.992660 0.105250 109.515755 0.064653 -0.101379 0.992745 -3.852438 0.000000 0.000000 0.000000 1.000000
0.996288 0.064533 -0.056966 -2.725821 -0.058433 0.992972 0.102916 109.560097 0.063207 -0.099206 0.993057 -4.127699 0.000000 0.000000 0.000000 1.000000
0.996358 0.062139 -0.058393 -2.668383 -0.056146 0.993481 0.099212 109.661224 0.064177 -0.095572 0.993352 -4.378210 0.000000 0.000000 0.000000 1.000000
0.996316 0.059183 -0.062065 -2.534614 -0.053095 0.994009 0.095536 109.800003 0.067348 -0.091889 0.993489 -4.585742 0.000000 0.000000 0.000000 1.000000
0.996211 0.056269 -0.066319 -2.338323 -0.050056 0.994510 0.091892 109.946144 0.071126 -0.088224 0.993558 -4.753484 0.000000 0.000000 0.000000 1.000000
0.996142 0.053448 -0.069608 -2.106831 -0.047232 0.994993 0.088075 110.077965 0.073967 -0.084448 0.993679 -4.892663 0.000000 0.000000 0.000000 1.000000
0.996205 0.050548 -0.070860 -1.869890 -0.044448 0.995375 0.085162 110.190376 0.074837 -0.081689 0.993844 -4.998226 0.000000 0.000000 0.000000 1.000000
0.996391 0.047763 -0.070175 -1.652075 -0.041819 0.995599 0.083866 110.279312 0.073872 -0.080628 0.994003 -5.061486 0.000000 0.000000 0.000000 1.000000
0.996610 0.045402 -0.068603 -1.472833 -0.039619 0.995727 0.083415 110.342247 0.072097 -0.080414 0.994151 -5.095720 0.000000 0.000000 0.000000 1.000000
0.996829 0.043425 -0.066681 -1.342317 -0.037841 0.995844 0.082840 110.377457 0.070001 -0.080054 0.994330 -5.127511 0.000000 0.000000 0.000000 1.000000
0.997051 0.041715 -0.064411 -1.255944 -0.036346 0.995938 0.082381 110.388496 0.067586 -0.079796 0.994517 -5.163748 0.000000 0.000000 0.000000 1.000000
0.997331 0.040487 -0.060765 -1.202819 -0.035396 0.995950 0.082651 110.379593 0.063865 -0.080280 0.994724 -5.187337 0.000000 0.000000 0.000000 1.000000
0.997659 0.039798 -0.055609 -1.176680 -0.035064 0.995878 0.083656 110.363632 0.058709 -0.081510 0.994942 -5.188945 0.000000 0.000000 0.000000 1.000000
0.997964 0.039476 -0.050092 -1.168258 -0.035153 0.995809 0.084430 110.340652 0.053215 -0.082497 0.995170 -5.187307 0.000000 0.000000 0.000000 1.000000
0.998196 0.039444 -0.045264 -1.169745 -0.035528 0.995809 0.084274 110.314339 0.048399 -0.082514 0.995414 -5.198360 0.000000 0.000000 0.000000 1.000000
0.998357 0.039475 -0.041543 -1.174330 -0.035924 0.995902 0.083003 110.294113 0.044649 -0.081374 0.995683 -5.221018 0.000000 0.000000 0.000000 1.000000
0.998490 0.038919 -0.038782 -1.170414 -0.035680 0.996079 0.080960 110.285995 0.041781 -0.079454 0.995963 -5.246174 0.000000 0.000000 0.000000 1.000000
0.998620 0.037335 -0.036940 -1.146419 -0.034348 0.996328 0.078423 110.289009 0.039733 -0.077046 0.996236 -5.269284 0.000000 0.000000 0.000000 1.000000
0.998744 0.035118 -0.035737 -1.098043 -0.032334 0.996606 0.075706 110.299583 0.038274 -0.074455 0.996490 -5.293355 0.000000 0.000000 0.000000 1.000000
0.998855 0.032877 -0.034764 -1.030885 -0.030275 0.996880 0.072897 110.312431 0.037053 -0.071761 0.996733 -5.327583 0.000000 0.000000 0.000000 1.000000
0.998939 0.031100 -0.033979 -0.960813 -0.028665 0.997139 0.069942 110.320053 0.036057 -0.068894 0.996972 -5.376082 0.000000 0.000000 0.000000 1.000000
0.998990 0.029998 -0.033459 -0.905120 -0.027715 0.997387 0.066711 110.318634 0.035372 -0.065717 0.997211 -5.428822 0.000000 0.000000 0.000000 1.000000
0.999012 0.029462 -0.033280 -0.867926 -0.027306 0.997610 0.063476 110.312881 0.035071 -0.062505 0.997428 -5.464769 0.000000 0.000000 0.000000 1.000000</float_array><technique_common><accessor source="#Hips-Matrix-animation-output-transform-array" count="122" stride="16"><param type="float4x4"/></accessor></technique_common></source><source id="Hips-Interpolations"><Name_array id="Hips-Interpolations-array" count="122">
 LINEAR LINEAR LINEAR LINEAR LINEAR LINEAR LINEAR LINEAR LINEAR LINEAR LINEAR
LINEAR LINEAR LINEAR LINEAR LINEAR LINEAR LINEAR LINEAR LINEAR LINEAR LINEAR LINEAR
LINEAR LINEAR LINEAR LINEAR LINEAR LINEAR LINEAR LINEAR LINEAR LINEAR LINEAR LINEAR
LINEAR LINEAR LINEAR LINEAR LINEAR LINEAR LINEAR LINEAR LINEAR LINEAR LINEAR LINEAR
LINEAR LINEAR LINEAR LINEAR LINEAR LINEAR LINEAR LINEAR LINEAR LINEAR LINEAR LINEAR
LINEAR LINEAR LINEAR LINEAR LINEAR LINEAR LINEAR LINEAR LINEAR LINEAR LINEAR LINEAR
LINEAR LINEAR LINEAR LINEAR LINEAR LINEAR LINEAR LINEAR LINEAR LINEAR LINEAR LINEAR
LINEAR LINEAR LINEAR LINEAR LINEAR LINEAR LINEAR LINEAR LINEAR LINEAR LINEAR LINEAR
LINEAR LINEAR LINEAR LINEAR LINEAR LINEAR LINEAR LINEAR LINEAR LINEAR LINEAR LINEAR
LINEAR LINEAR LINEAR LINEAR LINEAR LINEAR LINEAR LINEAR LINEAR LINEAR LINEAR LINEAR
LINEAR LINEAR LINEAR</Name_array><technique_common><accessor source="#Hips-Interpolations-array" count="122"><param type="name"/></accessor></technique_common></source><sampler id="Hips-Matrix-animation-transform"><input semantic="INPUT" source="#Hips-Matrix-animation-input"/><input semantic="OUTPUT" source="#Hips-Matrix-animation-output-transform"/><input semantic="INTERPOLATION" source="#Hips-Interpolations"/></sampler><channel source="#Hips-Matrix-animation-transform" target="Hips/matrix"/></animation>
    <animation id="Spine-anim" name="Spine"><source id="Spine-Matrix-animation-input"><float_array id="Spine-Matrix-animation-input-array" count="122">

0.000000 0.033333 0.066667 0.100000 0.133333 0.166667 0.200000 0.233333 0.266667 0.300000 0.333333 0.366667 0.400000 0.433333 0.466667 0.500000
0.533333 0.566667 0.600000 0.633333 0.666667 0.700000 0.733333 0.766667 0.800000 0.833333 0.866667 0.900000 0.933333 0.966667 1.000000 1.033333
1.066667 1.100000 1.133333 1.166667 1.200000 1.233333 1.266667 1.300000 1.333333 1.366667 1.400000 1.433333 1.466667 1.500000 1.533333 1.566667
1.600000 1.633333 1.666667 1.700000 1.733333 1.766667 1.800000 1.833333 1.866667 1.900000 1.933333 1.966667 2.000000 2.033333 2.066667 2.100000
2.133333 2.166667 2.200000 2.233333 2.266667 2.300000 2.333333 2.366667 2.400000 2.433333 2.466667 2.500000 2.533333 2.566667 2.600000 2.633333
2.666667 2.700000 2.733333 2.766667 2.800000 2.833333 2.866667 2.900000 2.933333 2.966667 3.000000 3.033333 3.066667 3.100000 3.133333 3.166667
3.200000 3.233333 3.266667 3.300000 3.333333 3.366667 3.400000 3.433333 3.466667 3.500000 3.533333 3.566667 3.600000 3.633333 3.666667 3.700000
3.733333 3.766667 3.800000 3.833333 3.866667 3.900000 3.933333 3.966667 4.000000 4.033333</float_array><technique_common><accessor source="#Spine-Matrix-animation-input-array" count="122"><param name="TIME" type="float"/></accessor></technique_common></source><source id="Spine-Matrix-animation-output-transform"><float_array id="Spine-Matrix-animation-output-transform-array" count="1952">

0.999878 -0.011120 0.010977 -0.005700 0.011194 0.999915 -0.006713 10.895800 -0.010901 0.006835 0.999917 -1.278700 0.000000 0.000000 0.000000 1.000000
0.999880 -0.011153 0.010766 -0.005700 0.011225 0.999915 -0.006626 10.895800 -0.010691 0.006746 0.999920 -1.278700 0.000000 0.000000 0.000000 1.000000
0.999880 -0.011292 0.010574 -0.005700 0.011364 0.999912 -0.006797 10.895800 -0.010496 0.006916 0.999921 -1.278700 0.000000 0.000000 0.000000 1.000000
0.999878 -0.011471 0.010560 -0.005700 0.011549 0.999906 -0.007347 10.895800 -0.010474 0.007468 0.999917 -1.278700 0.000000 0.000000 0.000000 1.000000
0.999874 -0.011505 0.010918 -0.005700 0.011597 0.999898 -0.008390 10.895800 -0.010820 0.008516 0.999905 -1.278700 0.000000 0.000000 0.000000 1.000000
0.999869 -0.011250 0.011632 -0.005700 0.011367 0.999886 -0.009977 10.895800 -0.011519 0.010108 0.999883 -1.278700 0.000000 0.000000 0.000000 1.000000
0.999866 -0.010732 0.012398 -0.005700 0.010882 0.999868 -0.012065 10.895800 -0.012267 0.012198 0.999850 -1.278700 0.000000 0.000000 0.000000 1.000000
0.999866 -0.010099 0.012880 -0.005700 0.010285 0.999842 -0.014473 10.895800 -0.012732 0.014604 0.999812 -1.278700 0.000000 0.000000 0.000000 1.000000
0.999871 -0.009372 0.013014 -0.005700 0.009592 0.999810 -0.016952 10.895800 -0.012853 0.017074 0.999772 -1.278700 0.000000 0.000000 0.000000 1.000000
0.999880 -0.008225 0.013148 -0.005700 0.008478 0.999778 -0.019279 10.895800 -0.012987 0.019388 0.999728 -1.278700 0.000000 0.000000 0.000000 1.000000
0.999884 -0.006160 0.013915 -0.005700 0.006457 0.999750 -0.021417 10.895800 -0.013779 0.021504 0.999674 -1.278700 0.000000 0.000000 0.000000 1.000000
0.999871 -0.002931 0.015815 -0.005700 0.003302 0.999719 -0.023470 10.895800 -0.015741 0.023519 0.999599 -1.278700 0.000000 0.000000 0.000000 1.000000
0.999821 0.001274 0.018866 -0.005700 -0.000790 0.999671 -0.025631 10.895800 -0.018892 0.025612 0.999493 -1.278700 0.000000 0.000000 0.000000 1.000000
0.999720 0.006003 0.022882 -0.005700 -0.005360 0.999591 -0.028084 10.895800 -0.023041 0.027954 0.999344 -1.278700 0.000000 0.000000 0.000000 1.000000
0.999557 0.010772 0.027739 -0.005700 -0.009911 0.999471 -0.030987 10.895800 -0.028058 0.030699 0.999135 -1.278700 0.000000 0.000000 0.000000 1.000000
0.999330 0.015319 0.033250 -0.005700 -0.014174 0.999308 -0.034396 10.895800 -0.033754 0.033902 0.998855 -1.278700 0.000000 0.000000 0.000000 1.000000
0.999039 0.019592 0.039202 -0.005700 -0.018088 0.999100 -0.038356 10.895800 -0.039918 0.037610 0.998495 -1.278700 0.000000 0.000000 0.000000 1.000000
0.998679 0.023663 0.045606 -0.005700 -0.021709 0.998844 -0.042878 10.895800 -0.046568 0.041832 0.998039 -1.278700 0.000000 0.000000 0.000000 1.000000
0.998221 0.027702 0.052800 -0.005700 -0.025175 0.998533 -0.047937 10.895800 -0.054051 0.046523 0.997454 -1.278700 0.000000 0.000000 0.000000 1.000000
0.997636 0.031881 0.060871 -0.005700 -0.028635 0.998158 -0.053485 10.895800 -0.062464 0.051616 0.996712 -1.278700 0.000000 0.000000 0.000000 1.000000
0.996946 0.036248 0.069174 -0.005700 -0.032155 0.997717 -0.059393 10.895800 -0.071169 0.056987 0.995835 -1.278700 0.000000 0.000000 0.000000 1.000000
0.996220 0.040737 0.076722 -0.005700 -0.035762 0.997235 -0.065136 10.895800 -0.079163 0.062146 0.994923 -1.278700 0.000000 0.000000 0.000000 1.000000
0.995525 0.045238 0.082969 -0.005700 -0.039463 0.996768 -0.069971 10.895800 -0.085866 0.066384 0.994093 -1.278700 0.000000 0.000000 0.000000 1.000000
0.994917 0.049426 0.087734 -0.005700 -0.043012 0.996363 -0.073551 10.895800 -0.091050 0.069404 0.993425 -1.278700 0.000000 0.000000 0.000000 1.000000
0.994444 0.052835 0.091046 -0.005700 -0.045937 0.996029 -0.076262 10.895800 -0.094714 0.071656 0.992922 -1.278700 0.000000 0.000000 0.000000 1.000000
0.994109 0.055256 0.093247 -0.005700 -0.047954 0.995735 -0.078818 10.895800 -0.097205 0.073882 0.992518 -1.278700 0.000000 0.000000 0.000000 1.000000
0.993855 0.056948 0.094918 -0.005700 -0.049248 0.995449 -0.081590 10.895800 -0.099132 0.076414 0.992136 -1.278700 0.000000 0.000000 0.000000 1.000000
0.993633 0.058440 0.096323 -0.005700 -0.050332 0.995146 -0.084562 10.895800 -0.100797 0.079176 0.991752 -1.278700 0.000000 0.000000 0.000000 1.000000
0.993437 0.060235 0.097238 -0.005700 -0.051733 0.994802 -0.087702 10.895800 -0.102015 0.082096 0.991389 -1.278700 0.000000 0.000000 0.000000 1.000000
0.993278 0.062597 0.097366 -0.005700 -0.053745 0.994397 -0.091025 10.895800 -0.102518 0.085180 0.991077 -1.278700 0.000000 0.000000 0.000000 1.000000
0.993153 0.065493 0.096737 -0.005700 -0.056356 0.993943 -0.094343 10.895800 -0.102330 0.088245 0.990829 -1.278700 0.000000 0.000000 0.000000 1.000000
0.993052 0.068541 0.095655 -0.005700 -0.059211 0.993503 -0.097191 10.895800 -0.101695 0.090852 0.990658 -1.278700 0.000000 0.000000 0.000000 1.000000
0.992963 0.071120 0.094687 -0.005700 -0.061695 0.993174 -0.098990 10.895800 -0.101081 0.092452 0.990573 -1.278700 0.000000 0.000000 0.000000 1.000000
0.992980 0.072470 0.093487 -0.005700 -0.063108 0.993037 -0.099475 10.895800 -0.100045 0.092877 0.990639 -1.278700 0.000000 0.000000 0.000000 1.000000
0.993126 0.072572 0.091832 -0.005700 -0.063393 0.993046 -0.099206 10.895800 -0.098393 0.092703 0.990820 -1.278700 0.000000 0.000000 0.000000 1.000000
0.993376 0.071628 0.089850 -0.005700 -0.062719 0.993174 -0.098341 10.895800 -0.096281 0.092054 0.991088 -1.278700 0.000000 0.000000 0.000000 1.000000
0.993782 0.069374 0.087090 -0.005700 -0.060966 0.993536 -0.095753 10.895800 -0.093170 0.089848 0.991588 -1.278700 0.000000 0.000000 0.000000 1.000000
0.994469 0.065222 0.082331 -0.005700 -0.057708 0.994217 -0.090562 10.895800 -0.087761 0.085310 0.992482 -1.278700 0.000000 0.000000 0.000000 1.000000
0.995436 0.058985 0.075014 -0.005700 -0.052631 0.995072 -0.084035 10.895800 -0.079602 0.079704 0.993635 -1.278700 0.000000 0.000000 0.000000 1.000000
0.996431 0.051756 0.066689 -0.005700 -0.046457 0.995816 -0.078697 10.895800 -0.070483 0.075318 0.994665 -1.278700 0.000000 0.000000 0.000000 1.000000
0.997202 0.044882 0.059784 -0.005700 -0.040326 0.996343 -0.075335 10.895800 -0.062947 0.072713 0.995365 -1.278700 0.000000 0.000000 0.000000 1.000000
0.997693 0.038443 0.055951 -0.005700 -0.034348 0.996784 -0.072397 10.895800 -0.058554 0.070308 0.995805 -1.278700 0.000000 0.000000 0.000000 1.000000
0.997974 0.031486 0.055293 -0.005700 -0.027661 0.997258 -0.068641 10.895800 -0.057303 0.066973 0.996108 -1.278700 0.000000 0.000000 0.000000 1.000000
0.998147 0.023578 0.056094 -0.005700 -0.019960 0.997738 -0.064192 10.895800 -0.057481 0.062954 0.996360 -1.278700 0.000000 0.000000 0.000000 1.000000
0.998257 0.015755 0.056869 -0.005700 -0.012352 0.998139 -0.059708 10.895800 -0.057704 0.058902 0.996595 -1.278700 0.000000 0.000000 0.000000 1.000000
0.998297 0.009030 0.057635 -0.005700 -0.005821 0.998436 -0.055608 10.895800 -0.058047 0.055178 0.996788 -1.278700 0.000000 0.000000 0.000000 1.000000
0.998244 0.003022 0.059160 -0.005700 0.000047 0.998657 -0.051801 10.895800 -0.059237 0.051713 0.996904 -1.278700 0.000000 0.000000 0.000000 1.000000
0.998122 -0.002944 0.061181 -0.005700 0.005885 0.998833 -0.047941 10.895800 -0.060968 0.048211 0.996975 -1.278700 0.000000 0.000000 0.000000 1.000000
0.997998 -0.008674 0.062644 -0.005700 0.011433 0.998974 -0.043824 10.895800 -0.062200 0.044452 0.997073 -1.278700 0.000000 0.000000 0.000000 1.000000
0.997900 -0.013723 0.063310 -0.005700 0.016252 0.999083 -0.039607 10.895800 -0.062709 0.040553 0.997208 -1.278700 0.000000 0.000000 0.000000 1.000000
0.997811 -0.018242 0.063566 -0.005700 0.020533 0.999156 -0.035576 10.895800 -0.062864 0.036803 0.997343 -1.278700 0.000000 0.000000 0.000000 1.000000
0.997725 -0.022751 0.063461 -0.005700 0.024835 0.999171 -0.032243 10.895800 -0.062675 0.033746 0.997463 -1.278700 0.000000 0.000000 0.000000 1.000000
0.997642 -0.028224 0.062557 -0.005700 0.030153 0.999092 -0.030105 10.895800 -0.061651 0.031920 0.997587 -1.278700 0.000000 0.000000 0.000000 1.000000
0.997505 -0.035058 0.061277 -0.005700 0.036904 0.998891 -0.029243 10.895800 -0.060184 0.031432 0.997692 -1.278700 0.000000 0.000000 0.000000 1.000000
0.997274 -0.042615 0.060237 -0.005700 0.044435 0.998585 -0.029209 10.895800 -0.058907 0.031805 0.997757 -1.278700 0.000000 0.000000 0.000000 1.000000
0.996977 -0.049827 0.059611 -0.005700 0.051705 0.998200 -0.030388 10.895800 -0.057990 0.033379 0.997759 -1.278700 0.000000 0.000000 0.000000 1.000000
0.996614 -0.056580 0.059654 -0.005700 0.058666 0.997704 -0.033829 10.895800 -0.057603 0.037214 0.997646 -1.278700 0.000000 0.000000 0.000000 1.000000
0.996080 -0.063606 0.061480 -0.005700 0.066165 0.996986 -0.040519 10.895800 -0.058717 0.044428 0.997286 -1.278700 0.000000 0.000000 0.000000 1.000000
0.995327 -0.071308 0.065112 -0.005700 0.074594 0.995984 -0.049507 10.895800 -0.061320 0.054133 0.996649 -1.278700 0.000000 0.000000 0.000000 1.000000
0.994469 -0.079469 0.068670 -0.005700 0.083547 0.994773 -0.058710 10.895800 -0.063646 0.064123 0.995910 -1.278700 0.000000 0.000000 0.000000 1.000000
0.993674 -0.088219 0.069494 -0.005700 0.092894 0.993406 -0.067191 10.895800 -0.063108 0.073221 0.995317 -1.278700 0.000000 0.000000 0.000000 1.000000
0.993001 -0.098142 0.065704 -0.005700 0.103088 0.991713 -0.076671 10.895800 -0.057635 0.082908 0.994889 -1.278700 0.000000 0.000000 0.000000 1.000000
0.992305 -0.109483 0.057838 -0.005700 0.114343 0.989469 -0.088755 10.895800 -0.047512 0.094686 0.994373 -1.278700 0.000000 0.000000 0.000000 1.000000
0.991380 -0.121622 0.048722 -0.005700 0.126061 0.986787 -0.101783 10.895800 -0.035700 0.107048 0.993613 -1.278700 0.000000 0.000000 0.000000 1.000000
0.990102 -0.134256 0.040908 -0.005700 0.138078 0.984011 -0.112503 10.895800 -0.025149 0.117038 0.992809 -1.278700 0.000000 0.000000 0.000000 1.000000
0.988547 -0.147008 0.034123 -0.005700 0.150090 0.981302 -0.120497 10.895800 -0.015771 0.124239 0.992127 -1.278700 0.000000 0.000000 0.000000 1.000000
0.986902 -0.158999 0.027258 -0.005700 0.161189 0.978714 -0.127034 10.895800 -0.006480 0.129764 0.991524 -1.278700 0.000000 0.000000 0.000000 1.000000
0.985488 -0.168529 0.020294 -0.005700 0.169727 0.976540 -0.132521 10.895800 0.002516 0.134042 0.990972 -1.278700 0.000000 0.000000 0.000000 1.000000
0.984568 -0.174525 0.012902 -0.005700 0.174645 0.975194 -0.135999 10.895800 0.011154 0.136153 0.990625 -1.278700 0.000000 0.000000 0.000000 1.000000
0.984151 -0.177265 0.004807 -0.005700 0.176250 0.974810 -0.136681 10.895800 0.019543 0.135362 0.990603 -1.278700 0.000000 0.000000 0.000000 1.000000
0.983916 -0.178598 -0.003483 -0.005700 0.176522 0.975099 -0.134244 10.895800 0.027372 0.131470 0.990942 -1.278700 0.000000 0.000000 0.000000 1.000000
0.983724 -0.179334 -0.011256 -0.005700 0.176438 0.975897 -0.128433 10.895800 0.034017 0.124357 0.991654 -1.278700 0.000000 0.000000 0.000000 1.000000
0.983595 -0.179417 -0.018714 -0.005700 0.175943 0.977062 -0.119975 10.895800 0.039810 0.114715 0.992600 -1.278700 0.000000 0.000000 0.000000 1.000000
0.983625 -0.178268 -0.026490 -0.005700 0.174323 0.978388 -0.111214 10.895800 0.045744 0.104775 0.993443 -1.278700 0.000000 0.000000 0.000000 1.000000
0.983963 -0.174926 -0.034904 -0.005700 0.170529 0.979893 -0.103584 10.895800 0.052321 0.095970 0.994008 -1.278700 0.000000 0.000000 0.000000 1.000000
0.984692 -0.168830 -0.043338 -0.005700 0.164063 0.981702 -0.096666 10.895800 0.058866 0.088076 0.994373 -1.278700 0.000000 0.000000 0.000000 1.000000
0.985723 -0.160606 -0.050551 -0.005700 0.155667 0.983709 -0.089913 10.895800 0.064168 0.080760 0.994666 -1.278700 0.000000 0.000000 0.000000 1.000000
0.986898 -0.151325 -0.055965 -0.005700 0.146412 0.985702 -0.083402 10.895800 0.067786 0.074115 0.994943 -1.278700 0.000000 0.000000 0.000000 1.000000
0.988091 -0.141767 -0.059818 -0.005700 0.137063 0.987601 -0.076540 10.895800 0.069927 0.067429 0.995271 -1.278700 0.000000 0.000000 0.000000 1.000000
0.989278 -0.132130 -0.062208 -0.005700 0.127857 0.989439 -0.068288 10.895800 0.070574 0.059602 0.995724 -1.278700 0.000000 0.000000 0.000000 1.000000
0.990505 -0.122288 -0.062816 -0.005700 0.118633 0.991186 -0.058957 10.895800 0.069472 0.050945 0.996282 -1.278700 0.000000 0.000000 0.000000 1.000000
0.991796 -0.111999 -0.061624 -0.005700 0.109015 0.992791 -0.049823 10.895800 0.066760 0.042697 0.996855 -1.278700 0.000000 0.000000 0.000000 1.000000
0.993153 -0.100758 -0.059121 -0.005700 0.098397 0.994278 -0.041588 10.895800 0.062973 0.035486 0.997384 -1.278700 0.000000 0.000000 0.000000 1.000000
0.994595 -0.087645 -0.055668 -0.005700 0.085839 0.995727 -0.034038 10.895800 0.058414 0.029076 0.997869 -1.278700 0.000000 0.000000 0.000000 1.000000
0.995982 -0.073046 -0.051808 -0.005700 0.071736 0.997066 -0.026712 10.895800 0.053607 0.022888 0.998300 -1.278700 0.000000 0.000000 0.000000 1.000000
0.997103 -0.058610 -0.048472 -0.005700 0.057714 0.998139 -0.019691 10.895800 0.049536 0.016836 0.998630 -1.278700 0.000000 0.000000 0.000000 1.000000
0.997905 -0.045526 -0.045971 -0.005700 0.044942 0.998896 -0.013659 10.895800 0.046542 0.011564 0.998849 -1.278700 0.000000 0.000000 0.000000 1.000000
0.998492 -0.033533 -0.043468 -0.005700 0.033172 0.999409 -0.008997 10.895800 0.043745 0.007541 0.999014 -1.278700 0.000000 0.000000 0.000000 1.000000
0.998948 -0.022117 -0.040162 -0.005700 0.021918 0.999745 -0.005375 10.895800 0.040270 0.004490 0.999179 -1.278700 0.000000 0.000000 0.000000 1.000000
0.999291 -0.011580 -0.035812 -0.005700 0.011514 0.999932 -0.002057 10.895800 0.035834 0.001643 0.999356 -1.278700 0.000000 0.000000 0.000000 1.000000
0.999539 -0.002672 -0.030237 -0.005700 0.002714 0.999995 0.001363 10.895800 0.030233 -0.001445 0.999542 -1.278700 0.000000 0.000000 0.000000 1.000000
0.999723 0.004092 -0.023170 -0.005700 -0.003992 0.999983 0.004355 10.895800 0.023187 -0.004262 0.999722 -1.278700 0.000000 0.000000 0.000000 1.000000
0.999841 0.008737 -0.015540 -0.005700 -0.008644 0.999944 0.006036 10.895800 0.015592 -0.005900 0.999861 -1.278700 0.000000 0.000000 0.000000 1.000000
0.999889 0.011720 -0.009153 -0.005700 -0.011667 0.999915 0.005786 10.895800 0.009220 -0.005679 0.999941 -1.278700 0.000000 0.000000 0.000000 1.000000
0.999900 0.013180 -0.005140 -0.005700 -0.013163 0.999908 0.003307 10.895800 0.005183 -0.003239 0.999981 -1.278700 0.000000 0.000000 0.000000 1.000000
0.999909 0.013237 -0.002784 -0.005700 -0.013240 0.999912 -0.001123 10.895800 0.002769 0.001160 0.999995 -1.278700 0.000000 0.000000 0.000000 1.000000
0.999928 0.011908 -0.001431 -0.005700 -0.011918 0.999901 -0.007431 10.895800 0.001342 0.007447 0.999971 -1.278700 0.000000 0.000000 0.000000 1.000000
0.999956 0.009293 -0.001070 -0.005700 -0.009308 0.999844 -0.014989 10.895800 0.000931 0.014998 0.999887 -1.278700 0.000000 0.000000 0.000000 1.000000
0.999982 0.005737 -0.001753 -0.005700 -0.005775 0.999729 -0.022560 10.895800 0.001623 0.022570 0.999744 -1.278700 0.000000 0.000000 0.000000 1.000000
0.999993 0.001644 -0.003339 -0.005700 -0.001740 0.999587 -0.028677 10.895800 0.003291 0.028683 0.999583 -1.278700 0.000000 0.000000 0.000000 1.000000
0.999984 -0.002314 -0.005130 -0.005700 0.002146 0.999467 -0.032565 10.895800 0.005203 0.032553 0.999456 -1.278700 0.000000 0.000000 0.000000 1.000000
0.999965 -0.005739 -0.006110 -0.005700 0.005524 0.999382 -0.034702 10.895800 0.006306 0.034667 0.999379 -1.278700 0.000000 0.000000 0.000000 1.000000
0.999946 -0.008861 -0.005461 -0.005700 0.008661 0.999326 -0.035666 10.895800 0.005773 0.035617 0.999349 -1.278700 0.000000 0.000000 0.000000 1.000000
0.999924 -0.011923 -0.003271 -0.005700 0.011799 0.999290 -0.035782 10.895800 0.003695 0.035741 0.999354 -1.278700 0.000000 0.000000 0.000000 1.000000
0.999892 -0.014659 -0.000617 -0.005700 0.014628 0.999269 -0.035322 10.895800 0.001135 0.035309 0.999376 -1.278700 0.000000 0.000000 0.000000 1.000000
0.999862 -0.016512 0.001557 -0.005700 0.016557 0.999254 -0.034877 10.895800 -0.000980 0.034898 0.999390 -1.278700 0.000000 0.000000 0.000000 1.000000
0.999845 -0.017377 0.002990 -0.005700 0.017471 0.999241 -0.034814 10.895800 -0.002383 0.034861 0.999389 -1.278700 0.000000 0.000000 0.000000 1.000000
0.999840 -0.017461 0.003861 -0.005700 0.017586 0.999233 -0.035002 10.895800 -0.003247 0.035064 0.999380 -1.278700 0.000000 0.000000 0.000000 1.000000
0.999843 -0.017262 0.003886 -0.005700 0.017388 0.999228 -0.035232 10.895800 -0.003275 0.035294 0.999372 -1.278700 0.000000 0.000000 0.000000 1.000000
