<?xml version="1.0" encoding="utf-8"?>
<COLLADA xmlns="http://www.collada.org/2005/11/COLLADASchema" version="1.4.1">
  <asset><contributor><author>Mixamo</author><authoring_tool>COLLADA Mixamo exporter</authoring_tool><comments></comments></contributor><created>2018-10-04T17:17:43Z</created><modified>2018-10-04T17:17:43Z</modified><revision></revision><title></title><unit meter="0.010000"/><up_axis>Y_UP</up_axis></asset>
  <library_animations>
    <animation id="Hips-anim" name="Hips"><source id="Hips-Matrix-animation-input"><float_array id="Hips-Matrix-animation-input-array" count="30">

0.000000 0.033333 0.066667 0.100000 0.133333 0.166667 0.200000 0.233333 0.266667 0.300000 0.333333 0.366667 0.400000 0.433333 0.466667 0.500000
0.533333 0.566667 0.600000 0.633333 0.666667 0.700000 0.733333 0.766667 0.800000 0.833333 0.866667 0.900000 0.933333 0.966667</float_array><technique_common><accessor source="#Hips-Matrix-animation-input-array" count="30"><param name="TIME" type="float"/></accessor></technique_common></source><source id="Hips-Matrix-animation-output-transform"><float_array id="Hips-Matrix-animation-output-transform-array" count="480">

0.467844 -0.083646 -0.879844 0.652282 0.029912 0.996440 -0.078825 101.917267 0.883305 0.010560 0.468680 -0.309710 0.000000 0.000000 0.000000 1.000000
0.521857 -0.084953 -0.848793 2.761226 0.021237 0.996014 -0.086631 100.183159 0.852769 0.027183 0.521581 -0.160748 0.000000 0.000000 0.000000 1.000000
0.576490 -0.085247 -0.812645 5.102725 0.012419 0.995342 -0.095601 98.268089 0.817010 0.045021 0.574864 -0.003147 0.000000 0.000000 0.000000 1.000000
0.625429 -0.076891 -0.776483 8.985441 -0.001343 0.995025 -0.099614 96.681145 0.780280 0.063344 0.622214 0.145472 0.000000 0.000000 0.000000 1.000000
0.663361 -0.053122 -0.746412 13.997291 -0.025739 0.995267 -0.093708 95.923775 0.747857 0.081374 0.658854 0.274902 0.000000 0.000000 0.000000 1.000000
0.669921 -0.028583 -0.741882 19.901577 -0.053899 0.994750 -0.086996 95.945862 0.740473 0.098267 0.664863 0.367666 0.000000 0.000000 0.000000 1.000000
0.638509 -0.004530 -0.769601 26.776775 -0.084599 0.993510 -0.076037 96.368362 0.764951 0.113658 0.633981 0.412199 0.000000 0.000000 0.000000 1.000000
0.583734 0.018082 -0.811744 34.970654 -0.113857 0.991697 -0.059784 97.207542 0.803923 0.127320 0.580946 0.375737 0.000000 0.000000 0.000000 1.000000
0.514677 0.038036 -0.856540 44.515873 -0.138833 0.989529 -0.039480 98.560081 0.846069 0.139235 0.514568 0.379291 0.000000 0.000000 0.000000 1.000000
0.449328 0.053698 -0.891752 54.915604 -0.157273 0.987357 -0.019790 100.920563 0.879414 0.149140 0.452092 0.482451 0.000000 0.000000 0.000000 1.000000
0.421347 0.063034 -0.904706 65.690453 -0.168320 0.985685 -0.009715 103.926353 0.891142 0.156374 0.425926 0.571904 0.000000 0.000000 0.000000 1.000000
0.455793 0.064361 -0.887756 76.795982 -0.171994 0.984953 -0.016897 107.169998 0.873310 0.160390 0.460005 0.600900 0.000000 0.000000 0.000000 1.000000
0.526137 0.054933 -0.848624 88.098175 -0.166391 0.985273 -0.039382 110.240692 0.833963 0.161924 0.527529 0.576364 0.000000 0.000000 0.000000 1.000000
0.555006 0.034854 -0.831116 99.558258 -0.153165 0.986321 -0.060919 112.928551 0.817624 0.161108 0.552753 0.414286 0.000000 0.000000 0.000000 1.000000
0.546784 0.006685 -0.837247 111.062744 -0.136242 0.987351 -0.081092 114.801697 0.826114 0.158409 0.540779 0.200877 0.000000 0.000000 0.000000 1.000000
0.520071 -0.027270 -0.853688 122.526276 -0.117309 0.987738 -0.103017 115.211739 0.846029 0.153721 0.510495 -0.046182 0.000000 0.000000 0.000000 1.000000
0.480833 -0.064747 -0.874419 133.918091 -0.097910 0.987068 -0.126928 113.260933 0.871329 0.146645 0.468275 -0.382180 0.000000 0.000000 0.000000 1.000000
0.438982 -0.102594 -0.892619 145.044662 -0.080089 0.985037 -0.152603 109.705513 0.894919 0.138479 0.424197 -0.765673 0.000000 0.000000 0.000000 1.000000
0.394985 -0.137387 -0.908357 155.639938 -0.065017 0.982095 -0.176812 105.961922 0.916384 0.128897 0.378980 -1.067623 0.000000 0.000000 0.000000 1.000000
0.350257 -0.166778 -0.921686 165.662949 -0.054288 0.978751 -0.197735 103.195358 0.935079 0.119294 0.333760 -1.202127 0.000000 0.000000 0.000000 1.000000
0.306322 -0.189141 -0.932948 175.188904 -0.049069 0.975622 -0.213903 101.354210 0.950663 0.111302 0.289573 -1.130332 0.000000 0.000000 0.000000 1.000000
0.263076 -0.203634 -0.943040 184.165207 -0.044988 0.973819 -0.222830 100.017159 0.963726 0.101047 0.247027 -1.140231 0.000000 0.000000 0.000000 1.000000
0.252542 -0.207921 -0.944982 192.047119 -0.035681 0.973974 -0.223836 99.253258 0.966928 0.090246 0.238550 -1.314601 0.000000 0.000000 0.000000 1.000000
0.310003 -0.199654 -0.929536 198.711304 -0.014416 0.976602 -0.214572 98.894615 0.950626 0.079918 0.299871 -1.394542 0.000000 0.000000 0.000000 1.000000
0.384871 -0.181260 -0.904997 204.235626 0.005338 0.980947 -0.194202 98.912148 0.922955 0.069912 0.378506 -1.302367 0.000000 0.000000 0.000000 1.000000
0.433841 -0.157170 -0.887175 208.609009 0.013021 0.985658 -0.168250 99.237915 0.900895 0.061442 0.429666 -1.067292 0.000000 0.000000 0.000000 1.000000
0.457889 -0.131264 -0.879266 211.917389 0.018707 0.990243 -0.138089 99.784988 0.888813 0.046781 0.455877 -0.806653 0.000000 0.000000 0.000000 1.000000
0.465842 -0.107673 -0.878293 214.213211 0.019517 0.993578 -0.111454 100.485916 0.884653 0.034778 0.464952 -0.578869 0.000000 0.000000 0.000000 1.000000
0.466424 -0.090439 -0.879926 215.552551 0.022231 0.995644 -0.090548 101.232742 0.884282 0.022672 0.466402 -0.443134 0.000000 0.000000 0.000000 1.000000
0.467843 -0.083646 -0.879844 215.990143 0.029912 0.996440 -0.078825 101.917313 0.883305 0.010559 0.468680 -0.308741 0.000000 0.000000 0.000000 1.000000</float_array><technique_common><accessor source="#Hips-Matrix-animation-output-transform-array" count="30" stride="16"><param type="float4x4"/></accessor></technique_common></source><source id="Hips-Interpolations"><Name_array id="Hips-Interpolations-array" count="30">
 LINEAR LINEAR LINEAR LINEAR LINEAR LINEAR LINEAR LINEAR LINEAR LINEAR LINEAR
LINEAR LINEAR LINEAR LINEAR LINEAR LINEAR LINEAR LINEAR LINEAR LINEAR LINEAR LINEAR
LINEAR LINEAR LINEAR LINEAR LINEAR LINEAR LINEAR</Name_array><technique_common><accessor source="#Hips-Interpolations-array" count="30"><param type="name"/></accessor></technique_common></source><sampler id="Hips-Matrix-animation-transform"><input semantic="INPUT" source="#Hips-Matrix-animation-input"/><input semantic="OUTPUT" source="#Hips-Matrix-animation-output-transform"/><input semantic="INTERPOLATION" source="#Hips-Interpolations"/></sampler><channel source="#Hips-Matrix-animation-transform" target="Hips/matrix"/></animation>
    <animation id="Spine-anim" name="Spine"><source id="Spine-Matrix-animation-input"><float_array id="Spine-Matrix-animation-input-array" count="30">

0.000000 0.033333 0.066667 0.100000 0.133333 0.166667 0.200000 0.233333 0.266667 0.300000 0.333333 0.366667 0.400000 0.433333 0.466667 0.500000
0.533333 0.566667 0.600000 0.633333 0.666667 0.700000 0.733333 0.766667 0.800000 0.833333 0.866667 0.900000 0.933333 0.966667</float_array><technique_common><accessor source="#Spine-Matrix-animation-input-array" count="30"><param name="TIME" type="float"/></accessor></technique_common></source><source id="Spine-Matrix-animation-output-transform"><float_array id="Spine-Matrix-animation-output-transform-array" count="480">

0.997202 0.074551 -0.005503 -0.005700 -0.073416 0.962829 -0.259942 10.895800 -0.014080 0.259619 0.965609 -1.278700 0.000000 0.000000 0.000000 1.000000
0.997195 0.074627 -0.005778 -0.005700 -0.072940 0.951526 -0.298794 10.895800 -0.016800 0.298378 0.954300 -1.278700 0.000000 0.000000 0.000000 1.000000
0.997388 0.071996 -0.005771 -0.005700 -0.068870 0.923907 -0.376368 10.895800 -0.021765 0.375782 0.926452 -1.278700 0.000000 0.000000 0.000000 1.000000
0.998026 0.062600 -0.005073 -0.005700 -0.058499 0.897159 -0.437816 10.895800 -0.022857 0.437248 0.899050 -1.278700 0.000000 0.000000 0.000000 1.000000
0.998946 0.045751 -0.003616 -0.005700 -0.042247 0.885924 -0.461902 10.895800 -0.017929 0.461568 0.886924 -1.278700 0.000000 0.000000 0.000000 1.000000
0.999707 0.024156 -0.001589 -0.005700 -0.022300 0.893353 -0.448801 10.895800 -0.009422 0.448705 0.893630 -1.278700 0.000000 0.000000 0.000000 1.000000
0.999997 -0.000914 0.002216 -0.005700 0.001724 0.916401 -0.400258 10.895800 -0.001665 0.400261 0.916400 -1.278700 0.000000 0.000000 0.000000 1.000000
0.999494 -0.027688 0.015661 -0.005700 0.031440 0.934800 -0.353780 10.895800 -0.004844 0.354094 0.935197 -1.278700 0.000000 0.000000 0.000000 1.000000
0.997706 -0.055568 0.038673 -0.005700 0.064901 0.947608 -0.312772 10.895800 -0.019267 0.314564 0.949041 -1.278700 0.000000 0.000000 0.000000 1.000000
0.994010 -0.085440 0.068142 -0.005700 0.101252 0.954636 -0.280031 10.895800 -0.041125 0.285254 0.957569 -1.278700 0.000000 0.000000 0.000000 1.000000
0.990450 -0.096646 0.098331 -0.005700 0.118952 0.959597 -0.254998 10.895800 -0.069713 0.264260 0.961929 -1.278700 0.000000 0.000000 0.000000 1.000000
0.988778 -0.079824 0.126280 -0.005700 0.108383 0.965046 -0.238620 10.895800 -0.102819 0.249629 0.962867 -1.278700 0.000000 0.000000 0.000000 1.000000
0.986772 -0.053211 0.153130 -0.005700 0.088131 0.968898 -0.231233 10.895800 -0.136063 0.241670 0.960772 -1.278700 0.000000 0.000000 0.000000 1.000000
0.984124 -0.023648 0.175901 -0.005700 0.064841 0.970481 -0.232299 10.895800 -0.165216 0.240017 0.956606 -1.278700 0.000000 0.000000 0.000000 1.000000
0.983829 0.005615 0.179020 -0.005700 0.037606 0.970753 -0.237117 10.895800 -0.175116 0.240015 0.954844 -1.278700 0.000000 0.000000 0.000000 1.000000
0.985280 0.034259 0.167481 -0.005700 0.007776 0.969717 -0.244106 10.895800 -0.170772 0.241815 0.955177 -1.278700 0.000000 0.000000 0.000000 1.000000
0.986570 0.062547 0.150889 -0.005700 -0.022878 0.967586 -0.251505 10.895800 -0.161729 0.244675 0.956022 -1.278700 0.000000 0.000000 0.000000 1.000000
0.987338 0.088151 0.131886 -0.005700 -0.051638 0.964705 -0.258219 10.895800 -0.149993 0.248139 0.957042 -1.278700 0.000000 0.000000 0.000000 1.000000
0.987968 0.107189 0.111485 -0.005700 -0.074629 0.961800 -0.263385 10.895800 -0.135458 0.251896 0.958227 -1.278700 0.000000 0.000000 0.000000 1.000000
0.989028 0.117284 0.089827 -0.005700 -0.089572 0.959605 -0.266712 10.895800 -0.117479 0.255740 0.959581 -1.278700 0.000000 0.000000 0.000000 1.000000
0.990774 0.117586 0.067386 -0.005700 -0.095508 0.958560 -0.268404 10.895800 -0.096154 0.259492 0.960947 -1.278700 0.000000 0.000000 0.000000 1.000000
0.992661 0.112414 0.044577 -0.005700 -0.096436 0.958276 -0.269085 10.895800 -0.072966 0.262812 0.962084 -1.278700 0.000000 0.000000 0.000000 1.000000
0.994066 0.106678 0.021280 -0.005700 -0.097072 0.958223 -0.269046 10.895800 -0.049092 0.265384 0.962892 -1.278700 0.000000 0.000000 0.000000 1.000000
0.994997 0.099895 -0.001106 -0.005700 -0.096532 0.958537 -0.268121 10.895800 -0.025723 0.266886 0.963385 -1.278700 0.000000 0.000000 0.000000 1.000000
0.995497 0.092365 -0.021339 -0.005700 -0.094709 0.959279 -0.266109 10.895800 -0.004109 0.266931 0.963707 -1.278700 0.000000 0.000000 0.000000 1.000000
0.995607 0.085301 -0.038615 -0.005700 -0.092486 0.960264 -0.263323 10.895800 0.014619 0.265738 0.963935 -1.278700 0.000000 0.000000 0.000000 1.000000
0.995716 0.079137 -0.047817 -0.005700 -0.088923 0.961312 -0.260716 10.895800 0.025335 0.263851 0.964231 -1.278700 0.000000 0.000000 0.000000 1.000000
0.996467 0.075898 -0.035957 -0.005700 -0.082657 0.962113 -0.259820 10.895800 0.014875 0.261875 0.964987 -1.278700 0.000000 0.000000 0.000000 1.000000
0.997074 0.074732 -0.016086 -0.005700 -0.076342 0.962635 -0.259817 10.895800 -0.003931 0.260285 0.965524 -1.278700 0.000000 0.000000 0.000000 1.000000
0.997210 0.074449 -0.005506 -0.005700 -0.073318 0.962838 -0.259936 10.895800 -0.014051 0.259615 0.965610 -1.278700 0.000000 0.000000 0.000000 1.000000</float_array><technique_common><accessor source="#Spine-Matrix-animation-output-transform-array" count="30" stride="16"><param type="float4x4"/></accessor></technique_common></source><source id="Spine-Interpolations"><Name_array id="Spine-Interpolations-array" count="30">
 LINEAR LINEAR LINEAR LINEAR LINEAR LINEAR LINEAR LINEAR LINEAR LINEAR LINEAR
LINEAR LINEAR LINEAR LINEAR LINEAR LINEAR LINEAR LINEAR LINEAR LINEAR LINEAR LINEAR
LINEAR LINEAR LINEAR LINEAR LINEAR LINEAR LINEAR</Name_array><technique_common><accessor source="#Spine-Interpolations-array" count="30"><param type="name"/></accessor></technique_common></source><sampler id="Spine-Matrix-animation-transform"><input semantic="INPUT" source="#Spine-Matrix-animation-input"/><input semantic="OUTPUT" source="#Spine-Matrix-animation-output-transform"/><input semantic="INTERPOLATION" source="#Spine-Interpolations"/></sampler><channel source="#Spine-Matrix-animation-transform" target="Spine/matrix"/></animation>
    <animation id="Spine1-anim" name="Spine1"><source id="Spine1-Matrix-animation-input"><float_array id="Spine1-Matrix-animation-input-array" count="30">

0.000000 0.033333 0.066667 0.100000 0.133333 0.166667 0.200000 0.233333 0.266667 0.300000 0.333333 0.366667 0.400000 0.433333 0.466667 0.500000
0.533333 0.566667 0.600000 0.633333 0.666667 0.700000 0.733333 0.766667 0.800000 0.833333 0.866667 0.900000 0.933333 0.966667</float_array><technique_common><accessor source="#Spine1-Matrix-animation-input-array" count="30"><param name="TIME" type="float"/></accessor></technique_common></source><source id="Spine1-Matrix-animation-output-transform"><float_array id="Spine1-Matrix-animation-output-transform-array" count="480">

0.998755 0.048873 0.009969 -0.006600 -0.047600 0.993613 -0.102314 12.711700 -0.014906 0.101712 0.994702 -1.491800 0.000000 0.000000 0.000000 1.000000
0.998790 0.048220 0.009711 -0.006600 -0.046970 0.993592 -0.102802 12.711700 -0.014606 0.102221 0.994654 -1.491800 0.000000 0.000000 0.000000 1.000000
0.998894 0.046101 0.009270 -0.006600 -0.044873 0.993440 -0.105183 12.711700 -0.014058 0.104651 0.994410 -1.491800 0.000000 0.000000 0.000000 1.000000
0.999069 0.042148 0.009180 -0.006600 -0.040881 0.993055 -0.110316 12.711700 -0.013766 0.109838 0.993854 -1.491800 0.000000 0.000000 0.000000 1.000000
0.999430 0.032064 0.010567 -0.006600 -0.030519 0.991901 -0.123296 12.711700 -0.014435 0.122903 0.992314 -1.491800 0.000000 0.000000 0.000000 1.000000
0.999728 0.019048 0.013423 -0.006600 -0.016960 0.989806 -0.141406 12.711700 -0.015980 0.141140 0.989861 -1.491800 0.000000 0.000000 0.000000 1.000000
0.999823 0.006199 0.017773 -0.006600 -0.003350 0.987748 -0.156023 12.711700 -0.018522 0.155936 0.987593 -1.491800 0.000000 0.000000 0.000000 1.000000
0.999724 -0.003456 0.023253 -0.006600 0.007218 0.986487 -0.163679 12.711700 -0.022374 0.163802 0.986240 -1.491800 0.000000 0.000000 0.000000 1.000000
0.999559 -0.008518 0.028448 -0.006600 0.013175 0.985736 -0.167784 12.711700 -0.026613 0.168084 0.985413 -1.491800 0.000000 0.000000 0.000000 1.000000
0.999390 -0.010648 0.033266 -0.006600 0.016144 0.985383 -0.169585 12.711700 -0.030974 0.170018 0.984954 -1.491800 0.000000 0.000000 0.000000 1.000000
0.999226 -0.011129 0.037718 -0.006600 0.017384 0.985321 -0.169826 12.711700 -0.035274 0.170350 0.984752 -1.491800 0.000000 0.000000 0.000000 1.000000
0.999064 -0.010971 0.041851 -0.006600 0.017903 0.985447 -0.169035 12.711700 -0.039388 0.169626 0.984721 -1.491800 0.000000 0.000000 0.000000 1.000000
0.998918 -0.009988 0.045412 -0.006600 0.017433 0.985866 -0.166628 12.711700 -0.043106 0.167240 0.984973 -1.491800 0.000000 0.000000 0.000000 1.000000
0.998832 -0.006728 0.047843 -0.006600 0.014218 0.987339 -0.157984 12.711700 -0.046174 0.158480 0.986282 -1.491800 0.000000 0.000000 0.000000 1.000000
0.998807 -0.001237 0.048821 -0.006600 0.008397 0.989140 -0.146736 12.711700 -0.048109 0.146971 0.987970 -1.491800 0.000000 0.000000 0.000000 1.000000
0.998823 0.006251 0.048105 -0.006600 0.000261 0.990954 -0.134199 12.711700 -0.048509 0.134054 0.989786 -1.491800 0.000000 0.000000 0.000000 1.000000
0.998812 0.016962 0.045686 -0.006600 -0.011312 0.992563 -0.121206 12.711700 -0.047402 0.120545 0.991575 -1.491800 0.000000 0.000000 0.000000 1.000000
0.998689 0.028786 0.042327 -0.006600 -0.024043 0.993798 -0.108570 12.711700 -0.045189 0.107410 0.993187 -1.491800 0.000000 0.000000 0.000000 1.000000
0.998515 0.038335 0.038713 -0.006600 -0.034444 0.994725 -0.096619 12.711700 -0.042212 0.095143 0.994568 -1.491800 0.000000 0.000000 0.000000 1.000000
0.998329 0.046380 0.034477 -0.006600 -0.043152 0.995086 -0.089120 12.711700 -0.038441 0.087483 0.995424 -1.491800 0.000000 0.000000 0.000000 1.000000
0.998098 0.053956 0.029806 -0.006600 -0.051197 0.994921 -0.086669 12.711700 -0.034331 0.084979 0.995791 -1.491800 0.000000 0.000000 0.000000 1.000000
0.997870 0.060136 0.025276 -0.006600 -0.057684 0.994400 -0.088549 12.711700 -0.030459 0.086902 0.995751 -1.491800 0.000000 0.000000 0.000000 1.000000
0.997761 0.063416 0.021233 -0.006600 -0.061157 0.993691 -0.094011 12.711700 -0.027060 0.092502 0.995345 -1.491800 0.000000 0.000000 0.000000 1.000000
0.997836 0.063322 0.017716 -0.006600 -0.061235 0.993054 -0.100464 12.711700 -0.023955 0.099162 0.994783 -1.491800 0.000000 0.000000 0.000000 1.000000
0.998011 0.061359 0.014493 -0.006600 -0.059491 0.992611 -0.105756 12.711700 -0.020875 0.104684 0.994286 -1.491800 0.000000 0.000000 0.000000 1.000000
0.998235 0.058255 0.011547 -0.006600 -0.056676 0.992550 -0.107851 12.711700 -0.017743 0.107006 0.994100 -1.491800 0.000000 0.000000 0.000000 1.000000
0.998435 0.054982 0.010230 -0.006600 -0.053572 0.992784 -0.107287 12.711700 -0.016055 0.106571 0.994175 -1.491800 0.000000 0.000000 0.000000 1.000000
0.998601 0.051952 0.009858 -0.006600 -0.050628 0.993147 -0.105336 12.711700 -0.015263 0.104689 0.994388 -1.491800 0.000000 0.000000 0.000000 1.000000
0.998714 0.049719 0.009892 -0.006600 -0.048435 0.993475 -0.103253 12.711700 -0.014961 0.102641 0.994606 -1.491800 0.000000 0.000000 0.000000 1.000000
0.998753 0.048902 0.010016 -0.006600 -0.047624 0.993611 -0.102314 12.711700 -0.014955 0.101710 0.994702 -1.491800 0.000000 0.000000 0.000000 1.000000</float_array><technique_common><accessor source="#Spine1-Matrix-animation-output-transform-array" count="30" stride="16"><param type="float4x4"/></accessor></technique_common></source><source id="Spine1-Interpolations"><Name_array id="Spine1-Interpolations-array" count="30">
 LINEAR LINEAR LINEAR LINEAR LINEAR LINEAR LINEAR LINEAR LINEAR LINEAR LINEAR
LINEAR LINEAR LINEAR LINEAR LINEAR LINEAR LINEAR LINEAR LINEAR LINEAR LINEAR LINEAR
LINEAR LINEAR LINEAR LINEAR LINEAR LINEAR LINEAR</Name_array><technique_common><accessor source="#Spine1-Interpolations-array" count="30"><param type="name"/></accessor></technique_common></source><sampler id="Spine1-Matrix-animation-transform"><input semantic="INPUT" source="#Spine1-Matrix-animation-input"/><input semantic="OUTPUT" source="#Spine1-Matrix-animation-output-transform"/><input semantic="INTERPOLATION" source="#Spine1-Interpolations"/></sampler><channel source="#Spine1-Matrix-animation-transform" target="Spine1/matrix"/></animation>
    <animation id="Spine2-anim" name="Spine2"><source id="Spine2-Matrix-animation-input"><float_array id="Spine2-Matrix-animation-input-array" count="30">

0.000000 0.033333 0.066667 0.100000 0.133333 0.166667 0.200000 0.233333 0.266667 0.300000 0.333333 0.366667 0.400000 0.433333 0.466667 0.500000
0.533333 0.566667 0.600000 0.633333 0.666667 0.700000 0.733333 0.766667 0.800000 0.833333 0.866667 0.900000 0.933333 0.966667</float_array><technique_common><accessor source="#Spine2-Matrix-animation-input-array" count="30"><param name="TIME" type="float"/></accessor></technique_common></source><source id="Spine2-Matrix-animation-output-transform"><float_array id="Spine2-Matrix-animation-output-transform-array" count="480">

0.998694 0.049813 0.011325 -0.007600 -0.048398 0.993582 -0.102240 14.527700 -0.016345 0.101559 0.994695 -1.704900 0.000000 0.000000 0.000000 1.000000
0.998732 0.049103 0.011067 -0.007600 -0.047711 0.993564 -0.102739 14.527700 -0.016041 0.102080 0.994647 -1.704900 0.000000 0.000000 0.000000 1.000000
0.998847 0.046808 0.010631 -0.007600 -0.045435 0.993418 -0.105151 14.527700 -0.015483 0.104547 0.994399 -1.704900 0.000000 0.000000 0.000000 1.000000
0.999038 0.042568 0.010555 -0.007600 -0.041146 0.993043 -0.110334 14.527700 -0.015178 0.109793 0.993839 -1.704900 0.000000 0.000000 0.000000 1.000000
0.999406 0.032318 0.011931 -0.007600 -0.030601 0.991879 -0.123453 14.527700 -0.015823 0.123014 0.992279 -1.704900 0.000000 0.000000 0.000000 1.000000
0.999706 0.019212 0.014775 -0.007600 -0.016924 0.989746 -0.141830 14.527700 -0.017349 0.141538 0.989781 -1.704900 0.000000 0.000000 0.000000 1.000000
0.999797 0.006317 0.019144 -0.007600 -0.003241 0.987650 -0.156644 14.527700 -0.019898 0.156550 0.987470 -1.704900 0.000000 0.000000 0.000000 1.000000
0.999691 -0.003380 0.024635 -0.007600 0.007385 0.986369 -0.164381 14.527700 -0.023744 0.164512 0.986089 -1.704900 0.000000 0.000000 0.000000 1.000000
0.999523 -0.008509 0.029675 -0.007600 0.013395 0.985600 -0.168561 14.527700 -0.027813 0.168879 0.985244 -1.704900 0.000000 0.000000 0.000000 1.000000
0.999354 -0.010702 0.034312 -0.007600 0.016401 0.985240 -0.170389 14.527700 -0.031982 0.170841 0.984779 -1.704900 0.000000 0.000000 0.000000 1.000000
0.999187 -0.011219 0.038723 -0.007600 0.017671 0.985190 -0.170551 14.527700 -0.036237 0.171097 0.984588 -1.704900 0.000000 0.000000 0.000000 1.000000
0.999016 -0.011074 0.042955 -0.007600 0.018211 0.985357 -0.169526 14.527700 -0.040448 0.170141 0.984589 -1.704900 0.000000 0.000000 0.000000 1.000000
0.998860 -0.010132 0.046644 -0.007600 0.017779 0.985866 -0.166589 14.527700 -0.044297 0.167228 0.984923 -1.704900 0.000000 0.000000 0.000000 1.000000
0.998766 -0.006969 0.049174 -0.007600 0.014645 0.987409 -0.157506 14.527700 -0.047458 0.158032 0.986293 -1.704900 0.000000 0.000000 0.000000 1.000000
0.998738 -0.001580 0.050199 -0.007600 0.008910 0.989224 -0.146139 14.527700 -0.049427 0.146402 0.987990 -1.704900 0.000000 0.000000 0.000000 1.000000
0.998762 0.005849 0.049389 -0.007600 0.000805 0.991029 -0.133647 14.527700 -0.049728 0.133521 0.989798 -1.704900 0.000000 0.000000 0.000000 1.000000
0.998781 0.016503 0.046524 -0.007600 -0.010776 0.992623 -0.120763 14.527700 -0.048174 0.120115 0.991590 -1.704900 0.000000 0.000000 0.000000 1.000000
0.998683 0.028306 0.042802 -0.007600 -0.023531 0.993850 -0.108202 14.527700 -0.045602 0.107053 0.993207 -1.704900 0.000000 0.000000 0.000000 1.000000
0.998520 0.037881 0.039029 -0.007600 -0.033976 0.994775 -0.096273 14.527700 -0.042472 0.094805 0.994589 -1.704900 0.000000 0.000000 0.000000 1.000000
0.998337 0.046008 0.034735 -0.007600 -0.042773 0.995136 -0.088736 14.527700 -0.038649 0.087102 0.995449 -1.704900 0.000000 0.000000 0.000000 1.000000
0.998104 0.053705 0.030061 -0.007600 -0.050934 0.994959 -0.086382 14.527700 -0.034549 0.084687 0.995809 -1.704900 0.000000 0.000000 0.000000 1.000000
0.997871 0.060011 0.025533 -0.007600 -0.057541 0.994421 -0.088412 14.527700 -0.030696 0.086754 0.995757 -1.704900 0.000000 0.000000 0.000000 1.000000
0.997757 0.063387 0.021510 -0.007600 -0.061101 0.993691 -0.094050 14.527700 -0.027336 0.092525 0.995335 -1.704900 0.000000 0.000000 0.000000 1.000000
0.997829 0.063341 0.018030 -0.007600 -0.061218 0.993040 -0.100618 14.527700 -0.024277 0.099296 0.994762 -1.704900 0.000000 0.000000 0.000000 1.000000
0.997996 0.061495 0.014893 -0.007600 -0.059582 0.992595 -0.105855 14.527700 -0.021292 0.104756 0.994270 -1.704900 0.000000 0.000000 0.000000 1.000000
0.998208 0.058585 0.012182 -0.007600 -0.056938 0.992549 -0.107721 14.527700 -0.018402 0.106834 0.994107 -1.704900 0.000000 0.000000 0.000000 1.000000
0.998393 0.055546 0.011268 -0.007600 -0.054026 0.992782 -0.107074 14.527700 -0.017134 0.106293 0.994187 -1.704900 0.000000 0.000000 0.000000 1.000000
0.998548 0.052712 0.011126 -0.007600 -0.051255 0.993134 -0.105153 14.527700 -0.016593 0.104430 0.994394 -1.704900 0.000000 0.000000 0.000000 1.000000
0.998655 0.050610 0.011236 -0.007600 -0.049186 0.993450 -0.103140 14.527700 -0.016382 0.102449 0.994603 -1.704900 0.000000 0.000000 0.000000 1.000000
0.998693 0.049837 0.011354 -0.007600 -0.048420 0.993581 -0.102241 14.527700 -0.016377 0.101557 0.994695 -1.704900 0.000000 0.000000 0.000000 1.000000</float_array><technique_common><accessor source="#Spine2-Matrix-animation-output-transform-array" count="30" stride="16"><param type="float4x4"/></accessor></technique_common></source><source id="Spine2-Interpolations"><Name_array id="Spine2-Interpolations-array" count="30">
 LINEAR LINEAR LINEAR LINEAR LINEAR LINEAR LINEAR LINEAR LINEAR LINEAR LINEAR
LINEAR LINEAR LINEAR LINEAR LINEAR LINEAR LINEAR LINEAR LINEAR LINEAR LINEAR LINEAR
LINEAR LINEAR LINEAR LINEAR LINEAR LINEAR LINEAR</Name_array><technique_common><accessor source="#Spine2-Interpolations-array" count="30"><param type="name"/></accessor></technique_common></source><sampler id="Spine2-Matrix-animation-transform"><input semantic="INPUT" source="#Spine2-Matrix-animation-input"/><input semantic="OUTPUT" source="#Spine2-Matrix-animation-output-transform"/><input semantic="INTERPOLATION" source="#Spine2-Interpolations"/></sampler><channel source="#Spine2-Matrix-animation-transform" target="Spine2/matrix"/></animation>
    <animation id="Neck-anim" name="Neck"><source id="Neck-Matrix-animation-input"><float_array id="Neck-Matrix-animation-input-array" count="30">

0.000000 0.033333 0.066667 0.100000 0.133333 0.166667 0.200000 0.233333 0.266667 0.300000 0.333333 0.366667 0.400000 0.433333 0.466667 0.500000
0.533333 0.566667 0.600000 0.633333 0.666667 0.700000 0.733333 0.766667 0.800000 0.833333 0.866667 0.900000 0.933333 0.966667</float_array><technique_common><accessor source="#Neck-Matrix-animation-input-array" count="30"><param name="TIME" type="float"/></accessor></technique_common></source><source id="Neck-Matrix-animation-output-transform"><float_array id="Neck-Matrix-animation-output-transform-array" count="480">

0.997545 -0.065352 0.025159 -0.008500 0.063650 0.995959 0.063362 16.343599 -0.029198 -0.061605 0.997673 -1.918000 0.000000 0.000000 0.000000 1.000000
0.999570 -0.028498 0.006894 -0.008500 0.028025 0.997745 0.060987 16.343599 -0.008617 -0.060768 0.998115 -1.918000 0.000000 0.000000 0.000000 1.000000
0.999501 -0.014841 -0.027875 -0.008500 0.020666 0.974832 0.221979 16.343599 0.023879 -0.222445 0.974653 -1.918000 0.000000 0.000000 0.000000 1.000000
0.994167 -0.081687 -0.070416 -0.008500 0.097304 0.960956 0.259026 16.343599 0.046507 -0.264367 0.963300 -1.918000 0.000000 0.000000 0.000000 1.000000
0.989255 -0.119846 -0.083738 -0.008500 0.133946 0.972496 0.190552 16.343599 0.058598 -0.199721 0.978099 -1.918000 0.000000 0.000000 0.000000 1.000000
0.994179 -0.086227 -0.064605 -0.008500 0.093405 0.988627 0.117863 16.343599 0.053708 -0.123212 0.990926 -1.918000 0.000000 0.000000 0.000000 1.000000
0.997752 -0.054143 -0.039494 -0.008500 0.056316 0.996833 0.056154 16.343599 0.036329 -0.058252 0.997641 -1.918000 0.000000 0.000000 0.000000 1.000000
0.998127 -0.056322 -0.023898 -0.008500 0.057569 0.996816 0.055176 16.343599 0.020714 -0.056448 0.998191 -1.918000 0.000000 0.000000 0.000000 1.000000
0.998212 -0.059327 -0.007326 -0.008500 0.059644 0.996663 0.055725 16.343599 0.003996 -0.056063 0.998419 -1.918000 0.000000 0.000000 0.000000 1.000000
0.998120 -0.061258 0.002126 -0.008500 0.061030 0.996427 0.058379 16.343599 -0.005695 -0.058139 0.998292 -1.918000 0.000000 0.000000 0.000000 1.000000
0.998222 -0.059573 -0.002041 -0.008500 0.059584 0.996257 0.062626 16.343599 -0.001697 -0.062636 0.998035 -1.918000 0.000000 0.000000 0.000000 1.000000
0.998247 -0.052927 -0.026499 -0.008500 0.054592 0.996282 0.066641 16.343599 0.022873 -0.067971 0.997425 -1.918000 0.000000 0.000000 0.000000 1.000000
0.996883 -0.042991 -0.066154 -0.008500 0.047526 0.996513 0.068581 16.343599 0.062975 -0.071511 0.995450 -1.918000 0.000000 0.000000 0.000000 1.000000
0.995103 -0.036636 -0.091805 -0.008500 0.043026 0.996715 0.068621 16.343599 0.088989 -0.072235 0.993410 -1.918000 0.000000 0.000000 0.000000 1.000000
0.994670 -0.035659 -0.096746 -0.008500 0.042296 0.996826 0.067450 16.343599 0.094034 -0.071182 0.993021 -1.918000 0.000000 0.000000 0.000000 1.000000
0.995528 -0.038065 -0.086456 -0.008500 0.043819 0.996880 0.065655 16.343599 0.083687 -0.069150 0.994090 -1.918000 0.000000 0.000000 0.000000 1.000000
0.997044 -0.042322 -0.064119 -0.008500 0.046398 0.996905 0.063470 16.343599 0.061234 -0.066258 0.995922 -1.918000 0.000000 0.000000 0.000000 1.000000
0.998284 -0.046567 -0.035518 -0.008500 0.048707 0.996890 0.061958 16.343599 0.032522 -0.063582 0.997447 -1.918000 0.000000 0.000000 0.000000 1.000000
0.998703 -0.050866 -0.002332 -0.008500 0.050913 0.996812 0.061434 16.343599 -0.000801 -0.061473 0.998108 -1.918000 0.000000 0.000000 0.000000 1.000000
0.997846 -0.056102 0.034004 -0.008500 0.053898 0.996582 0.062600 16.343599 -0.037400 -0.060632 0.997459 -1.918000 0.000000 0.000000 0.000000 1.000000
0.995529 -0.062906 0.070463 -0.008500 0.058178 0.996038 0.067261 16.343599 -0.074415 -0.062861 0.995244 -1.918000 0.000000 0.000000 0.000000 1.000000
0.992073 -0.071374 0.103429 -0.008500 0.064179 0.995388 0.071305 16.343599 -0.108042 -0.064102 0.992078 -1.918000 0.000000 0.000000 0.000000 1.000000
0.989959 -0.076620 0.118785 -0.008500 0.068359 0.995050 0.072135 16.343599 -0.123724 -0.063291 0.990296 -1.918000 0.000000 0.000000 0.000000 1.000000
0.991967 -0.075787 0.101285 -0.008500 0.068869 0.995157 0.070141 16.343599 -0.106110 -0.062602 0.992382 -1.918000 0.000000 0.000000 0.000000 1.000000
0.994499 -0.072829 0.075280 -0.008500 0.067768 0.995400 0.067721 16.343599 -0.079865 -0.062247 0.994860 -1.918000 0.000000 0.000000 0.000000 1.000000
0.995775 -0.070551 0.058777 -0.008500 0.066629 0.995578 0.066219 16.343599 -0.063189 -0.062023 0.996072 -1.918000 0.000000 0.000000 0.000000 1.000000
0.996298 -0.069621 0.050434 -0.008500 0.066262 0.995653 0.065460 16.343599 -0.054772 -0.061875 0.996580 -1.918000 0.000000 0.000000 0.000000 1.000000
0.996933 -0.067755 0.039165 -0.008500 0.065144 0.995790 0.064489 16.343599 -0.043370 -0.061740 0.997150 -1.918000 0.000000 0.000000 0.000000 1.000000
0.997424 -0.065867 0.028422 -0.008500 0.063955 0.995924 0.063599 16.343599 -0.032495 -0.061617 0.997571 -1.918000 0.000000 0.000000 0.000000 1.000000
0.997636 -0.064870 0.022685 -0.008500 0.063327 0.995993 0.063155 16.343599 -0.026691 -0.061569 0.997746 -1.918000 0.000000 0.000000 0.000000 1.000000</float_array><technique_common><accessor source="#Neck-Matrix-animation-output-transform-array" count="30" stride="16"><param type="float4x4"/></accessor></technique_common></source><source id="Neck-Interpolations"><Name_array id="Neck-Interpolations-array" count="30">
 LINEAR LINEAR LINEAR LINEAR LINEAR LINEAR LINEAR LINEAR LINEAR LINEAR LINEAR
LINEAR LINEAR LINEAR LINEAR LINEAR LINEAR LINEAR LINEAR LINEAR LINEAR LINEAR LINEAR
LINEAR LINEAR LINEAR LINEAR LINEAR LINEAR LINEAR</Name_array><technique_common><accessor source="#Neck-Interpolations-array" count="30"><param type="name"/></accessor></technique_common></source><sampler id="Neck-Matrix-animation-transform"><input semantic="INPUT" source="#Neck-Matrix-animation-input"/><input semantic="OUTPUT" source="#Neck-Matrix-animation-output-transform"/><input semantic="INTERPOLATION" source="#Neck-Interpolations"/></sampler><channel source="#Neck-Matrix-animation-transform" target="Neck/matrix"/></animation>
    <animation id="Head-anim" name="Head"><source id="Head-Matrix-animation-input"><float_array id="Head-Matrix-animation-input-array" count="30">

0.000000 0.033333 0.066667 0.100000 0.133333 0.166667 0.200000 0.233333 0.266667 0.300000 0.333333 0.366667 0.400000 0.433333 0.466667 0.500000
0.533333 0.566667 0.600000 0.633333 0.666667 0.700000 0.733333 0.766667 0.800000 0.833333 0.866667 0.900000 0.933333 0.966667</float_array><technique_common><accessor source="#Head-Matrix-animation-input-array" count="30"><param name="TIME" type="float"/></accessor></technique_common></source><source id="Head-Matrix-animation-output-transform"><float_array id="Head-Matrix-animation-output-transform-array" count="480">

0.575444 -0.024194 0.817483 -0.000000 -0.239935 0.950584 0.197029 7.472600 -0.781854 -0.309522 0.541203 1.897700 0.000000 0.000000 0.000000 1.000000
0.620208 -0.079996 0.780348 -0.000000 -0.233277 0.930973 0.280842 7.472600 -0.748948 -0.356217 0.558736 1.897700 0.000000 0.000000 0.000000 1.000000
0.653481 -0.110322 0.748860 0.000000 -0.152126 0.949995 0.272703 7.472600 -0.741499 -0.292127 0.604021 1.897700 0.000000 0.000000 0.000000 1.000000
0.655699 -0.065295 0.752194 -0.000000 -0.206703 0.942667 0.262016 7.472600 -0.726177 -0.327284 0.604609 1.897700 0.000000 0.000000 0.000000 1.000000
0.654965 -0.035951 0.754804 0.000000 -0.305297 0.901128 0.307836 7.472600 -0.691242 -0.432061 0.579231 1.897700 0.000000 0.000000 0.000000 1.000000
0.657504 -0.044553 0.752133 0.000000 -0.346025 0.868896 0.353960 7.472600 -0.669295 -0.492986 0.555886 1.897700 0.000000 0.000000 0.000000 1.000000
0.637402 -0.032782 0.769834 -0.000000 -0.362860 0.868606 0.337426 7.472600 -0.679743 -0.494418 0.541756 1.897700 0.000000 0.000000 0.000000 1.000000
0.602527 0.000584 0.798098 0.000000 -0.340675 0.904506 0.256532 7.472600 -0.721735 -0.426460 0.545189 1.897700 0.000000 0.000000 0.000000 1.000000
0.580025 0.014348 0.814472 0.000000 -0.296704 0.934884 0.194828 7.472600 -0.758642 -0.354662 0.546514 1.897700 0.000000 0.000000 0.000000 1.000000
0.569471 0.021463 0.821731 0.000000 -0.248418 0.957411 0.147151 7.472600 -0.783576 -0.287931 0.550549 1.897700 0.000000 0.000000 0.000000 1.000000
0.583372 0.005276 0.812188 0.000000 -0.200517 0.969961 0.137725 7.472600 -0.787064 -0.243202 0.566906 1.897700 0.000000 0.000000 0.000000 1.000000
0.627685 -0.041445 0.777363 0.000000 -0.168273 0.967750 0.187468 7.472600 -0.760063 -0.248480 0.600468 1.897700 0.000000 0.000000 0.000000 1.000000
0.685874 -0.094694 0.721533 -0.000000 -0.148880 0.952268 0.266497 7.472600 -0.712329 -0.290205 0.639038 1.897700 0.000000 0.000000 0.000000 1.000000
0.718616 -0.119735 0.685022 0.000000 -0.139892 0.940038 0.311062 7.472600 -0.681191 -0.319363 0.658776 1.897700 0.000000 0.000000 0.000000 1.000000
0.723132 -0.118650 0.680443 0.000000 -0.149347 0.934972 0.321750 7.472600 -0.674371 -0.334290 0.658388 1.897700 0.000000 0.000000 0.000000 1.000000
0.711786 -0.109550 0.693801 -0.000000 -0.166955 0.933066 0.318613 7.472600 -0.682266 -0.342618 0.645853 1.897700 0.000000 0.000000 0.000000 1.000000
0.691779 -0.108636 0.713891 0.000000 -0.165521 0.938441 0.303200 7.472600 -0.702883 -0.327911 0.631212 1.897700 0.000000 0.000000 0.000000 1.000000
0.670162 -0.120244 0.732409 -0.000000 -0.140265 0.948490 0.284064 7.472600 -0.728840 -0.293101 0.618776 1.897700 0.000000 0.000000 0.000000 1.000000
0.645627 -0.136568 0.751343 0.000000 -0.107083 0.957968 0.266142 7.472600 -0.756108 -0.252284 0.603865 1.897700 0.000000 0.000000 0.000000 1.000000
0.616679 -0.149191 0.772949 0.000000 -0.086831 0.962995 0.255148 7.472600 -0.782412 -0.224460 0.580904 1.897700 0.000000 0.000000 0.000000 1.000000
0.584400 -0.153851 0.796747 0.000000 -0.089328 0.963698 0.251610 7.472600 -0.806534 -0.218213 0.549442 1.897700 0.000000 0.000000 0.000000 1.000000
0.549549 -0.145578 0.822680 0.000000 -0.112283 0.962899 0.245395 7.472600 -0.827882 -0.227230 0.512814 1.897700 0.000000 0.000000 0.000000 1.000000
0.527511 -0.129050 0.839689 0.000000 -0.143410 0.960684 0.237739 7.472600 -0.837356 -0.245829 0.488265 1.897700 0.000000 0.000000 0.000000 1.000000
0.536141 -0.109238 0.837030 -0.000000 -0.162366 0.959730 0.229252 7.472600 -0.828366 -0.258817 0.496814 1.897700 0.000000 0.000000 0.000000 1.000000
0.554296 -0.092562 0.827157 0.000000 -0.171984 0.959612 0.222635 7.472600 -0.814357 -0.265664 0.515990 1.897700 0.000000 0.000000 0.000000 1.000000
0.562780 -0.075915 0.823113 0.000000 -0.194340 0.955711 0.221018 7.472600 -0.803437 -0.284348 0.523102 1.897700 0.000000 0.000000 0.000000 1.000000
0.563226 -0.059630 0.824149 0.000000 -0.210444 0.954152 0.212854 7.472600 -0.799056 -0.293322 0.524854 1.897700 0.000000 0.000000 0.000000 1.000000
0.566379 -0.043595 0.822991 0.000000 -0.229764 0.950655 0.208479 7.472600 -0.791469 -0.307172 0.528415 1.897700 0.000000 0.000000 0.000000 1.000000
0.570770 -0.031272 0.820514 0.000000 -0.240730 0.948992 0.203627 7.472600 -0.785029 -0.313747 0.534128 1.897700 0.000000 0.000000 0.000000 1.000000
0.573574 -0.025298 0.818763 0.000000 -0.239806 0.950548 0.197363 7.472600 -0.783266 -0.309547 0.539143 1.897700 0.000000 0.000000 0.000000 1.000000</float_array><technique_common><accessor source="#Head-Matrix-animation-output-transform-array" count="30" stride="16"><param type="float4x4"/></accessor></technique_common></source><source id="Head-Interpolations"><Name_array id="Head-Interpolations-array" count="30">
 LINEAR LINEAR LINEAR LINEAR LINEAR LINEAR LINEAR LINEAR LINEAR LINEAR LINEAR
LINEAR LINEAR LINEAR LINEAR LINEAR LINEAR LINEAR LINEAR LINEAR LINEAR LINEAR LINEAR
LINEAR LINEAR LINEAR LINEAR LINEAR LINEAR LINEAR</Name_array><technique_common><accessor source="#Head-Interpolations-array" count="30"><param type="name"/></accessor></technique_common></source><sampler id="Head-Matrix-animation-transform"><input semantic="INPUT" source="#Head-Matrix-animation-input"/><input semantic="OUTPUT" source="#Head-Matrix-animation-output-transform"/><input semantic="INTERPOLATION" source="#Head-Interpolations"/></sampler><channel source="#Head-Matrix-animation-transform" target="Head/matrix"/></animation>
    <animation id="LeftShoulder-anim" name="LeftShoulder"><source id="LeftShoulder-Matrix-animation-input"><float_array id="LeftShoulder-Matrix-animation-input-array" count="30">

0.000000 0.033333 0.066667 0.100000 0.133333 0.166667 0.200000 0.233333 0.266667 0.300000 0.333333 0.366667 0.400000 0.433333 0.466667 0.500000
0.533333 0.566667 0.600000 0.633333 0.666667 0.700000 0.733333 0.766667 0.800000 0.833333 0.866667 0.900000 0.933333 0.966667</float_array><technique_common><accessor source="#LeftShoulder-Matrix-animation-input-array" count="30"><param name="TIME" type="float"/></accessor></technique_common></source><source id="LeftShoulder-Matrix-animation-output-transform"><float_array id="LeftShoulder-Matrix-animation-output-transform-array" count="480">

0.975203 0.214188 -0.055693 5.550700 -0.216147 0.975841 -0.031852 13.775400 0.047525 0.043100 0.997940 -1.926500 0.000000 0.000000 0.000000 1.000000
0.978197 0.198207 -0.062004 5.550700 -0.200280 0.979305 -0.029155 13.775400 0.054942 0.040938 0.997650 -1.926500 0.000000 0.000000 0.000000 1.000000
0.980796 0.178054 -0.079600 5.550700 -0.180506 0.983264 -0.024689 13.775400 0.073872 0.038583 0.996521 -1.926500 0.000000 0.000000 0.000000 1.000000
0.982505 0.155592 -0.102348 5.550700 -0.158435 0.987163 -0.020209 13.775400 0.097890 0.036071 0.994543 -1.926500 0.000000 0.000000 0.000000 1.000000
0.983391 0.132550 -0.123985 5.550700 -0.135660 0.990610 -0.016953 13.775400 0.120574 0.033492 0.992139 -1.926500 0.000000 0.000000 0.000000 1.000000
0.984228 0.110484 -0.138164 5.550700 -0.113692 0.993395 -0.015528 13.775400 0.135535 0.030991 0.990288 -1.926500 0.000000 0.000000 0.000000 1.000000
0.985990 0.090720 -0.139976 5.550700 -0.093835 0.995462 -0.015801 13.775400 0.137908 0.028715 0.990029 -1.926500 0.000000 0.000000 0.000000 1.000000
0.987919 0.073956 -0.136189 5.550700 -0.076881 0.996907 -0.016333 13.775400 0.134560 0.026606 0.990548 -1.926500 0.000000 0.000000 0.000000 1.000000
0.989696 0.061310 -0.129392 5.550700 -0.063976 0.997814 -0.016544 13.775400 0.128094 0.024651 0.991456 -1.926500 0.000000 0.000000 0.000000 1.000000
0.991300 0.053980 -0.120047 5.550700 -0.056328 0.998280 -0.016249 13.775400 0.118963 0.022870 0.992635 -1.926500 0.000000 0.000000 0.000000 1.000000
