<?xml version="1.0" encoding="utf-8"?>
<COLLADA xmlns="http://www.collada.org/2005/11/COLLADASchema" version="1.4.1">
  <asset><contributor><author>Mixamo</author><authoring_tool>COLLADA Mixamo exporter</authoring_tool><comments></comments></contributor><created>2018-10-04T17:24:51Z</created><modified>2018-10-04T17:24:51Z</modified><revision></revision><title></title><unit meter="0.010000"/><up_axis>Y_UP</up_axis></asset>
  <library_animations>
    <animation id="Hips-anim" name="Hips"><source id="Hips-Matrix-animation-input"><float_array id="Hips-Matrix-animation-input-array" count="60">

0.000000 0.033333 0.066667 0.100000 0.133333 0.166667 0.200000 0.233333 0.266667 0.300000 0.333333 0.366667 0.400000 0.433333 0.466667 0.500000
0.533333 0.566667 0.600000 0.633333 0.666667 0.700000 0.733333 0.766667 0.800000 0.833333 0.866667 0.900000 0.933333 0.966667 1.000000 1.033333
1.066667 1.100000 1.133333 1.166667 1.200000 1.233333 1.266667 1.300000 1.333333 1.366667 1.400000 1.433333 1.466667 1.500000 1.533333 1.566667
1.600000 1.633333 1.666667 1.700000 1.733333 1.766667 1.800000 1.833333 1.866667 1.900000 1.933333 1.966667</float_array><technique_common><accessor source="#Hips-Matrix-animation-input-array" count="60"><param name="TIME" type="float"/></accessor></technique_common></source><source id="Hips-Matrix-animation-output-transform"><float_array id="Hips-Matrix-animation-output-transform-array" count="960">

0.265523 -0.123765 -0.956128 12.775408 0.010114 0.992029 -0.125604 86.954498 0.964052 0.023681 0.264658 -17.137875 0.000000 0.000000 0.000000 1.000000
0.223173 -0.117393 -0.967684 12.449728 0.031801 0.993070 -0.113139 87.695923 0.974260 -0.005524 0.225360 -17.419134 0.000000 0.000000 0.000000 1.000000
0.182189 -0.118151 -0.976139 12.261278 0.049639 0.992594 -0.110878 88.061546 0.982010 -0.028253 0.186705 -17.053114 0.000000 0.000000 0.000000 1.000000
0.147507 -0.121406 -0.981581 12.290995 0.066582 0.991405 -0.112615 87.692772 0.986817 -0.048744 0.154323 -16.401558 0.000000 0.000000 0.000000 1.000000
0.118147 -0.123085 -0.985338 12.211996 0.068961 0.990909 -0.115512 86.760941 0.990599 -0.054302 0.125561 -15.520932 0.000000 0.000000 0.000000 1.000000
0.100886 -0.091822 -0.990652 11.962258 0.069563 0.993946 -0.085043 85.940186 0.992463 -0.060333 0.106663 -13.996580 0.000000 0.000000 0.000000 1.000000
0.083139 -0.092314 -0.992253 12.040055 0.048317 0.994903 -0.088512 85.391724 0.995366 -0.040584 0.087175 -11.837402 0.000000 0.000000 0.000000 1.000000
0.074495 -0.108116 -0.991343 12.063600 0.021587 0.994047 -0.106789 86.070648 0.996988 -0.013444 0.076385 -9.333574 0.000000 0.000000 0.000000 1.000000
0.072475 -0.123867 -0.989649 12.181540 -0.010211 0.992114 -0.124923 87.529259 0.997318 0.019159 0.070639 -6.852473 0.000000 0.000000 0.000000 1.000000
0.077960 -0.134638 -0.987823 12.319623 -0.042150 0.989508 -0.138194 89.136223 0.996065 0.052410 0.071467 -4.663059 0.000000 0.000000 0.000000 1.000000
0.099609 -0.146570 -0.984172 12.426609 -0.077425 0.984951 -0.154522 90.569878 0.992010 0.091592 0.086762 -2.778269 0.000000 0.000000 0.000000 1.000000
0.126571 -0.151048 -0.980390 12.488148 -0.109851 0.980125 -0.165189 91.817345 0.985856 0.128605 0.107463 -1.358615 0.000000 0.000000 0.000000 1.000000
0.158009 -0.154660 -0.975251 12.574076 -0.138296 0.974457 -0.176940 92.382446 0.977705 0.162832 0.132584 -0.360065 0.000000 0.000000 0.000000 1.000000
0.193451 -0.156939 -0.968477 12.655647 -0.161910 0.968482 -0.189281 91.782837 0.967658 0.193422 0.161944 -0.013556 0.000000 0.000000 0.000000 1.000000
0.247435 -0.134712 -0.959494 12.621469 -0.176923 0.967356 -0.181441 90.526291 0.952614 0.214652 0.215524 -0.749341 0.000000 0.000000 0.000000 1.000000
0.314383 -0.120324 -0.941640 12.582375 -0.155425 0.972025 -0.176098 89.314835 0.936486 0.201717 0.286887 -2.431316 0.000000 0.000000 0.000000 1.000000
0.342031 -0.116964 -0.932381 12.378149 -0.138713 0.975069 -0.173204 88.390762 0.929394 0.188575 0.317279 -4.431392 0.000000 0.000000 0.000000 1.000000
0.329935 -0.107106 -0.937908 12.242720 -0.119728 0.980771 -0.154119 88.167740 0.936381 0.163143 0.310767 -6.568827 0.000000 0.000000 0.000000 1.000000
0.308924 -0.108536 -0.944874 12.121383 -0.091770 0.985430 -0.143199 88.333763 0.946649 0.130949 0.294462 -8.753489 0.000000 0.000000 0.000000 1.000000
0.297932 -0.110352 -0.948187 12.082411 -0.054801 0.989680 -0.132401 88.514862 0.953013 0.091408 0.288810 -10.894506 0.000000 0.000000 0.000000 1.000000
0.289642 -0.108778 -0.950934 12.085165 -0.011178 0.993069 -0.117003 88.352402 0.957070 0.044519 0.286418 -13.000413 0.000000 0.000000 0.000000 1.000000
0.272650 -0.101829 -0.956709 12.179804 0.035673 0.994769 -0.095714 87.756973 0.961452 -0.008032 0.274857 -15.147457 0.000000 0.000000 0.000000 1.000000
0.230628 -0.098809 -0.968012 12.345740 0.088706 0.992823 -0.080208 86.870224 0.968990 -0.067371 0.237738 -17.189735 0.000000 0.000000 0.000000 1.000000
0.149098 -0.109388 -0.982753 12.438972 0.154639 0.984213 -0.086090 86.213921 0.976656 -0.139137 0.163660 -18.567961 0.000000 0.000000 0.000000 1.000000
0.043131 -0.096100 -0.994437 12.214556 0.215602 0.972805 -0.084658 85.915405 0.975528 -0.210752 0.062678 -18.819384 0.000000 0.000000 0.000000 1.000000
-0.021758 -0.083157 -0.996299 12.151270 0.215950 0.972619 -0.085897 85.411255 0.976162 -0.217020 -0.003205 -17.835535 0.000000 0.000000 0.000000 1.000000
-0.057632 -0.102086 -0.993105 11.493588 0.201242 0.973151 -0.111713 85.410133 0.977845 -0.206292 -0.035541 -15.633321 0.000000 0.000000 0.000000 1.000000
-0.081879 -0.131548 -0.987923 10.503366 0.190700 0.970868 -0.145082 85.788818 0.978228 -0.200276 -0.054408 -12.603242 0.000000 0.000000 0.000000 1.000000
-0.081883 -0.158901 -0.983893 9.643097 0.185717 0.967484 -0.171707 85.986557 0.979186 -0.196785 -0.049710 -8.658313 0.000000 0.000000 0.000000 1.000000
-0.076174 -0.185485 -0.979690 9.022854 0.172141 0.965345 -0.196153 85.715004 0.982123 -0.183586 -0.041605 -3.709987 0.000000 0.000000 0.000000 1.000000
-0.064222 -0.210406 -0.975502 8.625671 0.141344 0.965748 -0.217607 84.971497 0.987875 -0.151857 -0.032283 2.181380 0.000000 0.000000 0.000000 1.000000
0.003755 -0.218187 -0.975900 8.688464 0.093689 0.971691 -0.216885 83.772934 0.995594 -0.090617 0.024091 8.576318 0.000000 0.000000 0.000000 1.000000
0.171461 -0.205771 -0.963462 8.721573 0.043904 0.978569 -0.201184 82.486595 0.984212 -0.007805 0.176821 14.546568 0.000000 0.000000 0.000000 1.000000
0.448908 -0.188774 -0.873411 8.471619 0.019039 0.979229 -0.201859 82.035645 0.893375 0.073987 0.443178 19.589193 0.000000 0.000000 0.000000 1.000000
0.706039 -0.179070 -0.685159 7.813332 0.026942 0.973594 -0.226690 81.963234 0.707660 0.141592 0.692220 22.851915 0.000000 0.000000 0.000000 1.000000
0.809579 -0.175293 -0.560226 7.183890 0.053193 0.972353 -0.227377 81.936417 0.584595 0.154280 0.796521 24.605421 0.000000 0.000000 0.000000 1.000000
0.801817 -0.248849 -0.543290 6.366240 0.120447 0.957808 -0.260952 82.225037 0.585305 0.143798 0.797960 25.682795 0.000000 0.000000 0.000000 1.000000
0.850346 -0.299043 -0.432995 3.350294 0.158665 0.930244 -0.330865 82.945236 0.501734 0.212648 0.838477 26.469814 0.000000 0.000000 0.000000 1.000000
0.919305 -0.282359 -0.274138 0.148312 0.175542 0.917655 -0.356504 83.258980 0.352226 0.279613 0.893170 27.070755 0.000000 0.000000 0.000000 1.000000
0.941869 -0.256050 -0.217533 -1.774169 0.159273 0.910361 -0.381935 83.741753 0.295828 0.325085 0.898223 26.856859 0.000000 0.000000 0.000000 1.000000
0.950052 -0.237349 -0.202651 -2.819358 0.137656 0.901438 -0.410439 84.578682 0.280094 0.362043 0.889085 26.302238 0.000000 0.000000 0.000000 1.000000
0.947631 -0.240567 -0.210052 -3.053042 0.133064 0.895321 -0.425082 85.383629 0.290325 0.374871 0.880445 26.106916 0.000000 0.000000 0.000000 1.000000
0.935426 -0.256272 -0.243523 -2.485989 0.135116 0.895717 -0.423598 85.874649 0.326684 0.363341 0.872503 26.014053 0.000000 0.000000 0.000000 1.000000
0.915861 -0.271645 -0.295648 -1.395793 0.133495 0.900503 -0.413853 86.164185 0.378653 0.339564 0.860998 25.829969 0.000000 0.000000 0.000000 1.000000
0.892240 -0.284290 -0.350837 -0.072277 0.131534 0.906875 -0.400345 86.373604 0.431979 0.311056 0.846545 25.360195 0.000000 0.000000 0.000000 1.000000
0.858932 -0.297651 -0.416701 1.342014 0.127028 0.912137 -0.389704 86.814850 0.496084 0.281796 0.821274 24.543056 0.000000 0.000000 0.000000 1.000000
0.807483 -0.304165 -0.505425 2.804868 0.110465 0.919624 -0.376948 87.600571 0.579456 0.248547 0.776180 23.188911 0.000000 0.000000 0.000000 1.000000
0.740484 -0.291376 -0.605627 4.236477 0.079611 0.932815 -0.351453 88.735359 0.667343 0.212030 0.713931 21.223846 0.000000 0.000000 0.000000 1.000000
0.669063 -0.277295 -0.689538 5.425728 0.054181 0.943519 -0.326859 90.080750 0.741228 0.181329 0.646298 18.887358 0.000000 0.000000 0.000000 1.000000
0.588214 -0.261328 -0.765319 6.404115 0.035450 0.953773 -0.298431 91.502251 0.807928 0.148411 0.570286 16.297268 0.000000 0.000000 0.000000 1.000000
0.499350 -0.238274 -0.832992 7.251631 0.020094 0.964366 -0.263808 92.889275 0.866167 0.114994 0.486344 13.554056 0.000000 0.000000 0.000000 1.000000
0.422535 -0.215382 -0.880383 7.897163 0.012007 0.972599 -0.232180 94.068550 0.906267 0.087533 0.413544 10.808990 0.000000 0.000000 0.000000 1.000000
0.357268 -0.192710 -0.913905 8.246924 0.011894 0.979342 -0.201858 95.016396 0.933926 0.061248 0.352180 8.031884 0.000000 0.000000 0.000000 1.000000
0.291970 -0.170767 -0.941059 8.530587 0.011007 0.984466 -0.175229 95.686661 0.956364 0.040803 0.289315 5.428415 0.000000 0.000000 0.000000 1.000000
0.222831 -0.149150 -0.963380 8.631931 0.002716 0.988318 -0.152383 96.077545 0.974853 0.031339 0.220633 2.889549 0.000000 0.000000 0.000000 1.000000
0.160646 -0.127246 -0.978775 8.703730 0.002986 0.991713 -0.128438 95.717522 0.987007 0.017710 0.159695 0.181848 0.000000 0.000000 0.000000 1.000000
0.117818 -0.114419 -0.986422 8.773086 0.008595 0.993420 -0.114204 94.992065 0.992998 0.004977 0.118026 -2.499213 0.000000 0.000000 0.000000 1.000000
0.081698 -0.107328 -0.990861 9.030792 0.013394 0.994213 -0.106587 93.906395 0.996567 -0.004564 0.082663 -4.862858 0.000000 0.000000 0.000000 1.000000
0.054318 -0.101041 -0.993398 9.308458 0.017204 0.994814 -0.100245 92.713646 0.998375 -0.011646 0.055774 -6.893998 0.000000 0.000000 0.000000 1.000000
0.042388 -0.096917 -0.994389 9.708694 0.022113 0.995131 -0.096046 91.663292 0.998856 -0.017917 0.044325 -8.529676 0.000000 0.000000 0.000000 1.000000</float_array><technique_common><accessor source="#Hips-Matrix-animation-output-transform-array" count="60" stride="16"><param type="float4x4"/></accessor></technique_common></source><source id="Hips-Interpolations"><Name_array id="Hips-Interpolations-array" count="60">
 LINEAR LINEAR LINEAR LINEAR LINEAR LINEAR LINEAR LINEAR LINEAR LINEAR LINEAR
LINEAR LINEAR LINEAR LINEAR LINEAR LINEAR LINEAR LINEAR LINEAR LINEAR LINEAR LINEAR
LINEAR LINEAR LINEAR LINEAR LINEAR LINEAR LINEAR LINEAR LINEAR LINEAR LINEAR LINEAR
LINEAR LINEAR LINEAR LINEAR LINEAR LINEAR LINEAR LINEAR LINEAR LINEAR LINEAR LINEAR
LINEAR LINEAR LINEAR LINEAR LINEAR LINEAR LINEAR LINEAR LINEAR LINEAR LINEAR LINEAR
LINEAR</Name_array><technique_common><accessor source="#Hips-Interpolations-array" count="60"><param type="name"/></accessor></technique_common></source><sampler id="Hips-Matrix-animation-transform"><input semantic="INPUT" source="#Hips-Matrix-animation-input"/><input semantic="OUTPUT" source="#Hips-Matrix-animation-output-transform"/><input semantic="INTERPOLATION" source="#Hips-Interpolations"/></sampler><channel source="#Hips-Matrix-animation-transform" target="Hips/matrix"/></animation>
    <animation id="Spine-anim" name="Spine"><source id="Spine-Matrix-animation-input"><float_array id="Spine-Matrix-animation-input-array" count="60">

0.000000 0.033333 0.066667 0.100000 0.133333 0.166667 0.200000 0.233333 0.266667 0.300000 0.333333 0.366667 0.400000 0.433333 0.466667 0.500000
0.533333 0.566667 0.600000 0.633333 0.666667 0.700000 0.733333 0.766667 0.800000 0.833333 0.866667 0.900000 0.933333 0.966667 1.000000 1.033333
1.066667 1.100000 1.133333 1.166667 1.200000 1.233333 1.266667 1.300000 1.333333 1.366667 1.400000 1.433333 1.466667 1.500000 1.533333 1.566667
1.600000 1.633333 1.666667 1.700000 1.733333 1.766667 1.800000 1.833333 1.866667 1.900000 1.933333 1.966667</float_array><technique_common><accessor source="#Spine-Matrix-animation-input-array" count="60"><param name="TIME" type="float"/></accessor></technique_common></source><source id="Spine-Matrix-animation-output-transform"><float_array id="Spine-Matrix-animation-output-transform-array" count="960">

0.983053 -0.127622 0.131603 -0.005700 0.175649 0.861238 -0.476882 10.895800 -0.052481 0.491916 0.869059 -1.278700 0.000000 0.000000 0.000000 1.000000
0.977897 -0.173738 0.116327 -0.005700 0.208143 0.861690 -0.462781 10.895800 -0.019835 0.476765 0.878807 -1.278700 0.000000 0.000000 0.000000 1.000000
0.969604 -0.220585 0.105883 -0.005700 0.244564 0.860296 -0.447303 10.895800 0.007578 0.459601 0.888093 -1.278700 0.000000 0.000000 0.000000 1.000000
0.962813 -0.254466 0.090768 -0.005700 0.267807 0.854577 -0.444947 10.895800 0.035656 0.452709 0.890945 -1.278700 0.000000 0.000000 0.000000 1.000000
0.952334 -0.295134 0.077179 -0.005700 0.297845 0.844870 -0.444391 10.895800 0.065948 0.446196 0.892502 -1.278700 0.000000 0.000000 0.000000 1.000000
0.950416 -0.306413 0.053102 -0.005700 0.294845 0.833584 -0.467123 10.895800 0.098867 0.459619 0.882596 -1.278700 0.000000 0.000000 0.000000 1.000000
0.952743 -0.301865 0.034034 -0.005700 0.281817 0.836476 -0.469986 10.895800 0.113404 0.457368 0.882017 -1.278700 0.000000 0.000000 0.000000 1.000000
0.958091 -0.285669 0.021343 -0.005700 0.263364 0.849066 -0.457959 10.895800 0.112703 0.444387 0.888717 -1.278700 0.000000 0.000000 0.000000 1.000000
0.966009 -0.258059 0.015235 -0.005700 0.237565 0.862964 -0.445932 10.895800 0.101929 0.434394 0.894937 -1.278700 0.000000 0.000000 0.000000 1.000000
0.975789 -0.218524 0.009137 -0.005700 0.200263 0.875889 -0.438991 10.895800 0.087927 0.430192 0.898445 -1.278700 0.000000 0.000000 0.000000 1.000000
0.982292 -0.187157 0.008656 -0.005700 0.172926 0.887882 -0.426337 10.895800 0.072107 0.420284 0.904523 -1.278700 0.000000 0.000000 0.000000 1.000000
0.988176 -0.152099 0.019332 -0.005700 0.145925 0.894303 -0.422999 10.895800 0.047049 0.420818 0.905924 -1.278700 0.000000 0.000000 0.000000 1.000000
0.994012 -0.105084 0.029941 -0.005700 0.107862 0.899881 -0.422588 10.895800 0.017464 0.423287 0.905827 -1.278700 0.000000 0.000000 0.000000 1.000000
0.998273 -0.041291 0.041780 -0.005700 0.055101 0.904729 -0.422410 10.895800 -0.020358 0.423983 0.905442 -1.278700 0.000000 0.000000 0.000000 1.000000
0.997306 -0.009148 0.072786 -0.005700 0.040513 0.895850 -0.442506 10.895800 -0.061157 0.444262 0.893807 -1.278700 0.000000 0.000000 0.000000 1.000000
0.996169 0.006676 0.087191 -0.005700 0.034719 0.884930 -0.464429 10.895800 -0.080259 0.465677 0.881308 -1.278700 0.000000 0.000000 0.000000 1.000000
0.995081 0.002091 0.099042 -0.005700 0.044275 0.884981 -0.463516 10.895800 -0.088620 0.465622 0.880536 -1.278700 0.000000 0.000000 0.000000 1.000000
0.993703 -0.010063 0.111595 -0.005700 0.061726 0.880371 -0.470252 10.895800 -0.093513 0.474179 0.875448 -1.278700 0.000000 0.000000 0.000000 1.000000
0.991444 -0.038446 0.124742 -0.005700 0.092984 0.878709 -0.468214 10.895800 -0.091611 0.475807 0.874766 -1.278700 0.000000 0.000000 0.000000 1.000000
0.987539 -0.081609 0.134558 -0.005700 0.135609 0.875139 -0.464480 10.895800 -0.079851 0.476940 0.875301 -1.278700 0.000000 0.000000 0.000000 1.000000
0.983009 -0.124225 0.135138 -0.005700 0.173110 0.872233 -0.457430 10.895800 -0.061048 0.473052 0.878917 -1.278700 0.000000 0.000000 0.000000 1.000000
0.977192 -0.167785 0.130171 -0.005700 0.209189 0.866068 -0.454055 10.895800 -0.036553 0.470929 0.881413 -1.278700 0.000000 0.000000 0.000000 1.000000
0.970063 -0.208239 0.124957 -0.005700 0.242568 0.855749 -0.457006 10.895800 -0.011766 0.473635 0.880642 -1.278700 0.000000 0.000000 0.000000 1.000000
0.964634 -0.239813 0.109415 -0.005700 0.263069 0.849642 -0.457060 10.895800 0.016645 0.469679 0.882680 -1.278700 0.000000 0.000000 0.000000 1.000000
0.967055 -0.248462 0.055415 -0.005700 0.244502 0.845943 -0.473919 10.895800 0.070873 0.471854 0.878823 -1.278700 0.000000 0.000000 0.000000 1.000000
0.957506 -0.287767 -0.019271 -0.005700 0.243757 0.843160 -0.479233 10.895800 0.154156 0.454172 0.877476 -1.278700 0.000000 0.000000 0.000000 1.000000
0.940928 -0.331068 -0.071057 -0.005700 0.263273 0.847264 -0.461337 10.895800 0.212938 0.415377 0.884375 -1.278700 0.000000 0.000000 0.000000 1.000000
0.927069 -0.363928 -0.090000 -0.005700 0.291233 0.850298 -0.438380 10.895800 0.236065 0.380197 0.894273 -1.278700 0.000000 0.000000 0.000000 1.000000
0.913046 -0.397355 -0.091960 -0.005700 0.326841 0.847711 -0.417805 10.895800 0.243973 0.351419 0.903871 -1.278700 0.000000 0.000000 0.000000 1.000000
0.905429 -0.414828 -0.090086 -0.005700 0.348887 0.848098 -0.398758 10.895800 0.241818 0.329618 0.912621 -1.278700 0.000000 0.000000 0.000000 1.000000
0.905897 -0.416457 -0.076907 -0.005700 0.360281 0.853305 -0.376919 10.895800 0.222596 0.313741 0.923048 -1.278700 0.000000 0.000000 0.000000 1.000000
0.910819 -0.410442 -0.044112 -0.005700 0.370074 0.859207 -0.353282 10.895800 0.182903 0.305451 0.934476 -1.278700 0.000000 0.000000 0.000000 1.000000
0.917905 -0.396701 0.008878 -0.005700 0.380714 0.874167 -0.301479 10.895800 0.111836 0.280109 0.953431 -1.278700 0.000000 0.000000 0.000000 1.000000
0.922859 -0.377379 0.076917 -0.005700 0.384976 0.898089 -0.212675 10.895800 0.011181 0.225880 0.974091 -1.278700 0.000000 0.000000 0.000000 1.000000
0.918540 -0.340074 0.201580 -0.005700 0.367669 0.922248 -0.119487 10.895800 -0.145272 0.183869 0.972157 -1.278700 0.000000 0.000000 0.000000 1.000000
0.885215 -0.266664 0.381163 -0.005700 0.331967 0.936126 -0.116040 10.895800 -0.325873 0.229254 0.917196 -1.278700 0.000000 0.000000 0.000000 1.000000
0.831388 -0.130744 0.540092 -0.005700 0.254601 0.953535 -0.161090 10.895800 -0.493935 0.271436 0.826045 -1.278700 0.000000 0.000000 0.000000 1.000000
0.814623 -0.026813 0.579371 -0.005700 0.154705 0.972784 -0.172504 10.895800 -0.558977 0.230157 0.796600 -1.278700 0.000000 0.000000 0.000000 1.000000
0.812859 0.030741 0.581649 -0.005700 0.094515 0.978410 -0.183797 10.895800 -0.574741 0.204376 0.792403 -1.278700 0.000000 0.000000 0.000000 1.000000
0.833324 0.068983 0.548463 -0.005700 0.062211 0.974176 -0.217050 10.895800 -0.549272 0.214993 0.807513 -1.278700 0.000000 0.000000 0.000000 1.000000
0.855598 0.076575 0.511946 -0.005700 0.055769 0.969605 -0.238235 10.895800 -0.514628 0.232384 0.825321 -1.278700 0.000000 0.000000 0.000000 1.000000
0.871130 0.075535 0.485209 -0.005700 0.054536 0.967104 -0.248467 10.895800 -0.488015 0.242908 0.838354 -1.278700 0.000000 0.000000 0.000000 1.000000
0.881999 0.071113 0.465855 -0.005700 0.056530 0.965445 -0.254403 10.895800 -0.467849 0.250718 0.847501 -1.278700 0.000000 0.000000 0.000000 1.000000
0.889581 0.058058 0.453072 -0.005700 0.066469 0.964878 -0.254151 10.895800 -0.451915 0.256203 0.854478 -1.278700 0.000000 0.000000 0.000000 1.000000
0.896219 0.039753 0.441827 -0.005700 0.081443 0.964303 -0.251964 10.895800 -0.436072 0.261799 0.860989 -1.278700 0.000000 0.000000 0.000000 1.000000
0.900306 0.026312 0.434462 -0.005700 0.092337 0.963905 -0.249720 10.895800 -0.425351 0.264942 0.865380 -1.278700 0.000000 0.000000 0.000000 1.000000
0.906925 0.016999 0.420950 -0.005700 0.098380 0.963015 -0.250845 10.895800 -0.409645 0.268910 0.871710 -1.278700 0.000000 0.000000 0.000000 1.000000
0.917854 -0.000304 0.396918 -0.005700 0.111512 0.959921 -0.257133 10.895800 -0.380932 0.280272 0.881101 -1.278700 0.000000 0.000000 0.000000 1.000000
0.929293 -0.017648 0.368922 -0.005700 0.119855 0.959212 -0.256023 10.895800 -0.349356 0.282138 0.893504 -1.278700 0.000000 0.000000 0.000000 1.000000
0.939228 -0.028670 0.342094 -0.005700 0.124561 0.957057 -0.261776 10.895800 -0.319898 0.288479 0.902466 -1.278700 0.000000 0.000000 0.000000 1.000000
0.950180 -0.039237 0.309221 -0.005700 0.129206 0.952382 -0.276178 10.895800 -0.283660 0.302372 0.910004 -1.278700 0.000000 0.000000 0.000000 1.000000
0.961195 -0.055466 0.270237 -0.005700 0.134897 0.948978 -0.285032 10.895800 -0.240640 0.310425 0.919635 -1.278700 0.000000 0.000000 0.000000 1.000000
0.969974 -0.068643 0.233322 -0.005700 0.137038 0.946812 -0.291148 10.895800 -0.200927 0.314380 0.927789 -1.278700 0.000000 0.000000 0.000000 1.000000
0.975753 -0.083079 0.202494 -0.005700 0.141707 0.944875 -0.295178 10.895800 -0.166809 0.316716 0.933738 -1.278700 0.000000 0.000000 0.000000 1.000000
0.979519 -0.098361 0.175692 -0.005700 0.147825 0.943743 -0.295800 10.895800 -0.136713 0.315713 0.938954 -1.278700 0.000000 0.000000 0.000000 1.000000
0.983837 -0.105002 0.145048 -0.005700 0.145186 0.941890 -0.302927 10.895800 -0.104812 0.319090 0.941911 -1.278700 0.000000 0.000000 0.000000 1.000000
0.986680 -0.118471 0.111477 -0.005700 0.147621 0.939983 -0.307635 10.895800 -0.068340 0.319994 0.944952 -1.278700 0.000000 0.000000 0.000000 1.000000
0.986802 -0.135607 0.088504 -0.005700 0.156804 0.936661 -0.313176 10.895800 -0.040429 0.322920 0.945562 -1.278700 0.000000 0.000000 0.000000 1.000000
0.986152 -0.151723 0.066958 -0.005700 0.165244 0.933188 -0.319146 10.895800 -0.014063 0.325791 0.945337 -1.278700 0.000000 0.000000 0.000000 1.000000
0.985563 -0.163992 0.042097 -0.005700 0.168707 0.930287 -0.325736 10.895800 0.014256 0.328136 0.944523 -1.278700 0.000000 0.000000 0.000000 1.000000</float_array><technique_common><accessor source="#Spine-Matrix-animation-output-transform-array" count="60" stride="16"><param type="float4x4"/></accessor></technique_common></source><source id="Spine-Interpolations"><Name_array id="Spine-Interpolations-array" count="60">
 LINEAR LINEAR LINEAR LINEAR LINEAR LINEAR LINEAR LINEAR LINEAR LINEAR LINEAR
LINEAR LINEAR LINEAR LINEAR LINEAR LINEAR LINEAR LINEAR LINEAR LINEAR LINEAR LINEAR
LINEAR LINEAR LINEAR LINEAR LINEAR LINEAR LINEAR LINEAR LINEAR LINEAR LINEAR LINEAR
LINEAR LINEAR LINEAR LINEAR LINEAR LINEAR LINEAR LINEAR LINEAR LINEAR LINEAR LINEAR
LINEAR LINEAR LINEAR LINEAR LINEAR LINEAR LINEAR LINEAR LINEAR LINEAR LINEAR LINEAR
LINEAR</Name_array><technique_common><accessor source="#Spine-Interpolations-array" count="60"><param type="name"/></accessor></technique_common></source><sampler id="Spine-Matrix-animation-transform"><input semantic="INPUT" source="#Spine-Matrix-animation-input"/><input semantic="OUTPUT" source="#Spine-Matrix-animation-output-transform"/><input semantic="INTERPOLATION" source="#Spine-Interpolations"/></sampler><channel source="#Spine-Matrix-animation-transform" target="Spine/matrix"/></animation>
    <animation id="Spine1-anim" name="Spine1"><source id="Spine1-Matrix-animation-input"><float_array id="Spine1-Matrix-animation-input-array" count="60">

0.000000 0.033333 0.066667 0.100000 0.133333 0.166667 0.200000 0.233333 0.266667 0.300000 0.333333 0.366667 0.400000 0.433333 0.466667 0.500000
0.533333 0.566667 0.600000 0.633333 0.666667 0.700000 0.733333 0.766667 0.800000 0.833333 0.866667 0.900000 0.933333 0.966667 1.000000 1.033333
1.066667 1.100000 1.133333 1.166667 1.200000 1.233333 1.266667 1.300000 1.333333 1.366667 1.400000 1.433333 1.466667 1.500000 1.533333 1.566667
1.600000 1.633333 1.666667 1.700000 1.733333 1.766667 1.800000 1.833333 1.866667 1.900000 1.933333 1.966667</float_array><technique_common><accessor source="#Spine1-Matrix-animation-input-array" count="60"><param name="TIME" type="float"/></accessor></technique_common></source><source id="Spine1-Matrix-animation-output-transform"><float_array id="Spine1-Matrix-animation-output-transform-array" count="960">

0.999315 0.028539 0.023577 -0.006600 -0.027809 0.999141 -0.030737 12.711700 -0.024434 0.030060 0.999249 -1.491800 0.000000 0.000000 0.000000 1.000000
0.999663 0.019023 0.017648 -0.006600 -0.018591 0.999530 -0.024357 12.711700 -0.018103 0.024021 0.999548 -1.491800 0.000000 0.000000 0.000000 1.000000
0.999853 0.011172 0.013037 -0.006600 -0.010872 0.999680 -0.022844 12.711700 -0.013288 0.022699 0.999654 -1.491800 0.000000 0.000000 0.000000 1.000000
0.999926 0.008404 0.008745 -0.006600 -0.008187 0.999663 -0.024628 12.711700 -0.008949 0.024554 0.999658 -1.491800 0.000000 0.000000 0.000000 1.000000
0.999969 0.006395 0.004624 -0.006600 -0.006265 0.999596 -0.027734 12.711700 -0.004800 0.027704 0.999605 -1.491800 0.000000 0.000000 0.000000 1.000000
0.999990 0.004452 -0.000263 -0.006600 -0.004459 0.999322 -0.036536 12.711700 0.000100 0.036537 0.999332 -1.491800 0.000000 0.000000 0.000000 1.000000
0.999986 -0.002525 -0.004690 -0.006600 0.002353 0.999342 -0.036184 12.711700 0.004778 0.036172 0.999334 -1.491800 0.000000 0.000000 0.000000 1.000000
0.999970 -0.004676 -0.006122 -0.006600 0.004439 0.999263 -0.038136 12.711700 0.006296 0.038107 0.999254 -1.491800 0.000000 0.000000 0.000000 1.000000
0.999957 -0.007005 -0.006006 -0.006600 0.006760 0.999179 -0.039940 12.711700 0.006281 0.039898 0.999184 -1.491800 0.000000 0.000000 0.000000 1.000000
0.999917 -0.011406 -0.005997 -0.006600 0.011150 0.999089 -0.041202 12.711700 0.006462 0.041132 0.999133 -1.491800 0.000000 0.000000 0.000000 1.000000
0.999864 -0.015652 -0.005191 -0.006600 0.015419 0.998986 -0.042298 12.711700 0.005848 0.042212 0.999092 -1.491800 0.000000 0.000000 0.000000 1.000000
0.999792 -0.020220 -0.002575 -0.006600 0.020090 0.998857 -0.043360 12.711700 0.003448 0.043299 0.999056 -1.491800 0.000000 0.000000 0.000000 1.000000
0.999664 -0.025924 0.000187 -0.006600 0.025906 0.998621 -0.045653 12.711700 0.000997 0.045642 0.998957 -1.491800 0.000000 0.000000 0.000000 1.000000
0.999466 -0.032480 0.003452 -0.006600 0.032605 0.998383 -0.046572 12.711700 -0.001934 0.046660 0.998909 -1.491800 0.000000 0.000000 0.000000 1.000000
0.999623 -0.025334 0.010592 -0.006600 0.025784 0.998664 -0.044782 12.711700 -0.009443 0.045039 0.998941 -1.491800 0.000000 0.000000 0.000000 1.000000
0.999752 -0.016895 0.014513 -0.006600 0.017522 0.998866 -0.044277 12.711700 -0.013749 0.044520 0.998914 -1.491800 0.000000 0.000000 0.000000 1.000000
0.999800 -0.009810 0.017441 -0.006600 0.010561 0.998997 -0.043519 12.711700 -0.016997 0.043695 0.998900 -1.491800 0.000000 0.000000 0.000000 1.000000
0.999793 -0.002727 0.020177 -0.006600 0.003527 0.999204 -0.039726 12.711700 -0.020052 0.039788 0.999007 -1.491800 0.000000 0.000000 0.000000 1.000000
0.999736 0.004739 0.022492 -0.006600 -0.003937 0.999360 -0.035551 12.711700 -0.022646 0.035453 0.999115 -1.491800 0.000000 0.000000 0.000000 1.000000
0.999662 0.011192 0.023482 -0.006600 -0.010417 0.999406 -0.032864 12.711700 -0.023835 0.032608 0.999184 -1.491800 0.000000 0.000000 0.000000 1.000000
0.999613 0.016159 0.022637 -0.006600 -0.015438 0.999380 -0.031656 12.711700 -0.023134 0.031294 0.999242 -1.491800 0.000000 0.000000 0.000000 1.000000
0.999607 0.019158 0.020442 -0.006600 -0.018518 0.999346 -0.031045 12.711700 -0.021023 0.030654 0.999309 -1.491800 0.000000 0.000000 0.000000 1.000000
0.999573 0.022811 0.018264 -0.006600 -0.022268 0.999319 -0.029423 12.711700 -0.018923 0.029003 0.999400 -1.491800 0.000000 0.000000 0.000000 1.000000
0.999365 0.032198 0.015260 -0.006600 -0.031791 0.999151 -0.026187 12.711700 -0.016091 0.025685 0.999541 -1.491800 0.000000 0.000000 0.000000 1.000000
0.999572 0.028826 0.005033 -0.006600 -0.028644 0.999041 -0.033121 12.711700 -0.005983 0.032963 0.999439 -1.491800 0.000000 0.000000 0.000000 1.000000
0.999870 0.009509 -0.013034 -0.006600 -0.009893 0.999509 -0.029737 12.711700 0.012745 0.029862 0.999473 -1.491800 0.000000 0.000000 0.000000 1.000000
0.999563 -0.013395 -0.026357 -0.006600 0.012541 0.999399 -0.032316 12.711700 0.026774 0.031971 0.999130 -1.491800 0.000000 0.000000 0.000000 1.000000
0.999021 -0.030631 -0.031917 -0.006600 0.029528 0.998969 -0.034469 12.711700 0.032940 0.033493 0.998896 -1.491800 0.000000 0.000000 0.000000 1.000000
0.998671 -0.039653 -0.032921 -0.006600 0.038391 0.998535 -0.038139 12.711700 0.034385 0.036825 0.998730 -1.491800 0.000000 0.000000 0.000000 1.000000
0.998602 -0.041965 -0.032135 -0.006600 0.040676 0.998381 -0.039767 12.711700 0.033752 0.038404 0.998692 -1.491800 0.000000 0.000000 0.000000 1.000000
0.998687 -0.042594 -0.028461 -0.006600 0.041416 0.998309 -0.040784 12.711700 0.030151 0.039552 0.998763 -1.491800 0.000000 0.000000 0.000000 1.000000
0.998931 -0.041014 -0.021335 -0.006600 0.040165 0.998439 -0.038799 12.711700 0.022893 0.037900 0.999019 -1.491800 0.000000 0.000000 0.000000 1.000000
0.999132 -0.040427 -0.010081 -0.006600 0.040102 0.998727 -0.030591 12.711700 0.011305 0.030160 0.999481 -1.491800 0.000000 0.000000 0.000000 1.000000
0.999353 -0.035623 0.004939 -0.006600 0.035700 0.999226 -0.016516 12.711700 -0.004347 0.016681 0.999851 -1.491800 0.000000 0.000000 0.000000 1.000000
0.999288 -0.021339 0.031114 -0.006600 0.021457 0.999764 -0.003461 12.711700 -0.031032 0.004127 0.999510 -1.491800 0.000000 0.000000 0.000000 1.000000
0.997704 0.008118 0.067236 -0.006600 -0.008023 0.999966 -0.001690 12.711700 -0.067247 0.001146 0.997736 -1.491800 0.000000 0.000000 0.000000 1.000000
0.994237 0.030419 0.102794 -0.006600 -0.029213 0.999486 -0.013225 12.711700 -0.103143 0.010146 0.994615 -1.491800 0.000000 0.000000 0.000000 1.000000
0.992733 0.040254 0.113403 -0.006600 -0.038134 0.999056 -0.020800 12.711700 -0.114133 0.016324 0.993331 -1.491800 0.000000 0.000000 0.000000 1.000000
0.992640 0.039258 0.114561 -0.006600 -0.036822 0.999050 -0.023302 12.711700 -0.115367 0.018912 0.993143 -1.491800 0.000000 0.000000 0.000000 1.000000
0.993233 0.042068 0.108252 -0.006600 -0.039144 0.998813 -0.028998 12.711700 -0.109344 0.024565 0.993700 -1.491800 0.000000 0.000000 0.000000 1.000000
0.994058 0.041114 0.100786 -0.006600 -0.038502 0.998874 -0.027732 12.711700 -0.101812 0.023686 0.994522 -1.491800 0.000000 0.000000 0.000000 1.000000
0.994652 0.039855 0.095279 -0.006600 -0.037563 0.998963 -0.025732 12.711700 -0.096206 0.022015 0.995118 -1.491800 0.000000 0.000000 0.000000 1.000000
0.995049 0.039233 0.091312 -0.006600 -0.037096 0.998999 -0.024981 12.711700 -0.092200 0.021470 0.995509 -1.491800 0.000000 0.000000 0.000000 1.000000
0.995327 0.038732 0.088458 -0.006600 -0.036704 0.999027 -0.024442 12.711700 -0.089319 0.021081 0.995780 -1.491800 0.000000 0.000000 0.000000 1.000000
0.995617 0.037244 0.085786 -0.006600 -0.035323 0.999092 -0.023806 12.711700 -0.086595 0.020671 0.996029 -1.491800 0.000000 0.000000 0.000000 1.000000
0.995798 0.036333 0.084061 -0.006600 -0.034425 0.999118 -0.024036 12.711700 -0.084860 0.021042 0.996171 -1.491800 0.000000 0.000000 0.000000 1.000000
0.996037 0.036116 0.081272 -0.006600 -0.034059 0.999067 -0.026554 12.711700 -0.082155 0.023680 0.996338 -1.491800 0.000000 0.000000 0.000000 1.000000
0.996352 0.037889 0.076467 -0.006600 -0.035803 0.998953 -0.028475 12.711700 -0.077466 0.025634 0.996665 -1.491800 0.000000 0.000000 0.000000 1.000000
0.996736 0.038792 0.070800 -0.006600 -0.036822 0.998903 -0.028927 12.711700 -0.071845 0.026226 0.997071 -1.491800 0.000000 0.000000 0.000000 1.000000
0.997098 0.038724 0.065538 -0.006600 -0.036945 0.998921 -0.028144 12.711700 -0.066558 0.025641 0.997453 -1.491800 0.000000 0.000000 0.000000 1.000000
0.997503 0.038502 0.059213 -0.006600 -0.036972 0.998959 -0.026716 12.711700 -0.060180 0.024460 0.997888 -1.491800 0.000000 0.000000 0.000000 1.000000
0.997977 0.037255 0.051524 -0.006600 -0.036030 0.999051 -0.024490 12.711700 -0.052387 0.022584 0.998371 -1.491800 0.000000 0.000000 0.000000 1.000000
0.998441 0.034149 0.044152 -0.006600 -0.033163 0.999188 -0.022892 12.711700 -0.044898 0.021392 0.998762 -1.491800 0.000000 0.000000 0.000000 1.000000
0.998798 0.031073 0.037912 -0.006600 -0.030305 0.999327 -0.020670 12.711700 -0.038529 0.019496 0.999067 -1.491800 0.000000 0.000000 0.000000 1.000000
0.999122 0.026682 0.032286 -0.006600 -0.026119 0.999501 -0.017736 12.711700 -0.032743 0.016878 0.999321 -1.491800 0.000000 0.000000 0.000000 1.000000
0.999414 0.022208 0.026059 -0.006600 -0.021799 0.999637 -0.015855 12.711700 -0.026402 0.015277 0.999535 -1.491800 0.000000 0.000000 0.000000 1.000000
0.999629 0.019225 0.019279 -0.006600 -0.018919 0.999694 -0.015917 12.711700 -0.019579 0.015546 0.999687 -1.491800 0.000000 0.000000 0.000000 1.000000
0.999765 0.016202 0.014370 -0.006600 -0.015958 0.999729 -0.016921 12.711700 -0.014641 0.016688 0.999754 -1.491800 0.000000 0.000000 0.000000 1.000000
0.999859 0.013665 0.009799 -0.006600 -0.013487 0.999748 -0.017947 12.711700 -0.010042 0.017812 0.999791 -1.491800 0.000000 0.000000 0.000000 1.000000
0.999931 0.010757 0.004689 -0.006600 -0.010663 0.999749 -0.019706 12.711700 -0.004900 0.019654 0.999795 -1.491800 0.000000 0.000000 0.000000 1.000000</float_array><technique_common><accessor source="#Spine1-Matrix-animation-output-transform-array" count="60" stride="16"><param type="float4x4"/></accessor></technique_common></source><source id="Spine1-Interpolations"><Name_array id="Spine1-Interpolations-array" count="60">
 LINEAR LINEAR LINEAR LINEAR LINEAR LINEAR LINEAR LINEAR LINEAR LINEAR LINEAR
LINEAR LINEAR LINEAR LINEAR LINEAR LINEAR LINEAR LINEAR LINEAR LINEAR LINEAR LINEAR
LINEAR LINEAR LINEAR LINEAR LINEAR LINEAR LINEAR LINEAR LINEAR LINEAR LINEAR LINEAR
LINEAR LINEAR LINEAR LINEAR LINEAR LINEAR LINEAR LINEAR LINEAR LINEAR LINEAR LINEAR
LINEAR LINEAR LINEAR LINEAR LINEAR LINEAR LINEAR LINEAR LINEAR LINEAR LINEAR LINEAR
LINEAR</Name_array><technique_common><accessor source="#Spine1-Interpolations-array" count="60"><param type="name"/></accessor></technique_common></source><sampler id="Spine1-Matrix-animation-transform"><input semantic="INPUT" source="#Spine1-Matrix-animation-input"/><input semantic="OUTPUT" source="#Spine1-Matrix-animation-output-transform"/><input semantic="INTERPOLATION" source="#Spine1-Interpolations"/></sampler><channel source="#Spine1-Matrix-animation-transform" target="Spine1/matrix"/></animation>
    <animation id="Spine2-anim" name="Spine2"><source id="Spine2-Matrix-animation-input"><float_array id="Spine2-Matrix-animation-input-array" count="60">

0.000000 0.033333 0.066667 0.100000 0.133333 0.166667 0.200000 0.233333 0.266667 0.300000 0.333333 0.366667 0.400000 0.433333 0.466667 0.500000
0.533333 0.566667 0.600000 0.633333 0.666667 0.700000 0.733333 0.766667 0.800000 0.833333 0.866667 0.900000 0.933333 0.966667 1.000000 1.033333
1.066667 1.100000 1.133333 1.166667 1.200000 1.233333 1.266667 1.300000 1.333333 1.366667 1.400000 1.433333 1.466667 1.500000 1.533333 1.566667
1.600000 1.633333 1.666667 1.700000 1.733333 1.766667 1.800000 1.833333 1.866667 1.900000 1.933333 1.966667</float_array><technique_common><accessor source="#Spine2-Matrix-animation-input-array" count="60"><param name="TIME" type="float"/></accessor></technique_common></source><source id="Spine2-Matrix-animation-output-transform"><float_array id="Spine2-Matrix-animation-output-transform-array" count="960">

0.999332 0.029656 0.021363 -0.007600 -0.028971 0.999077 -0.031706 14.527700 -0.022284 0.031066 0.999269 -1.704900 0.000000 0.000000 0.000000 1.000000
0.999674 0.019905 0.016018 -0.007600 -0.019500 0.999495 -0.025092 14.527700 -0.016509 0.024772 0.999557 -1.704900 0.000000 0.000000 0.000000 1.000000
0.999861 0.011807 0.011804 -0.007600 -0.011528 0.999660 -0.023405 14.527700 -0.012077 0.023266 0.999656 -1.704900 0.000000 0.000000 0.000000 1.000000
0.999933 0.008811 0.007549 -0.007600 -0.008620 0.999650 -0.025031 14.527700 -0.007767 0.024964 0.999658 -1.704900 0.000000 0.000000 0.000000 1.000000
0.999973 0.006593 0.003362 -0.007600 -0.006497 0.999587 -0.027985 14.527700 -0.003546 0.027963 0.999603 -1.704900 0.000000 0.000000 0.000000 1.000000
0.999989 0.004415 -0.001811 -0.007600 -0.004478 0.999322 -0.036550 14.527700 0.001648 0.036558 0.999330 -1.704900 0.000000 0.000000 0.000000 1.000000
0.999980 -0.002741 -0.005760 -0.007600 0.002532 0.999348 -0.036016 14.527700 0.005855 0.036001 0.999335 -1.704900 0.000000 0.000000 0.000000 1.000000
0.999963 -0.004935 -0.007052 -0.007600 0.004664 0.999270 -0.037927 14.527700 0.007234 0.037893 0.999256 -1.704900 0.000000 0.000000 0.000000 1.000000
0.999951 -0.007245 -0.006756 -0.007600 0.006971 0.999186 -0.039745 14.527700 0.007039 0.039696 0.999187 -1.704900 0.000000 0.000000 0.000000 1.000000
0.999912 -0.011639 -0.006399 -0.007600 0.011367 0.999093 -0.041037 14.527700 0.006871 0.040961 0.999137 -1.704900 0.000000 0.000000 0.000000 1.000000
0.999860 -0.015848 -0.005289 -0.007600 0.015611 0.998988 -0.042179 14.527700 0.005952 0.042090 0.999096 -1.704900 0.000000 0.000000 0.000000 1.000000
0.999791 -0.020330 -0.002326 -0.007600 0.020211 0.998857 -0.043307 14.527700 0.003203 0.043250 0.999059 -1.704900 0.000000 0.000000 0.000000 1.000000
0.999663 -0.025941 0.000894 -0.007600 0.025954 0.998621 -0.045634 14.527700 0.000291 0.045642 0.998958 -1.704900 0.000000 0.000000 0.000000 1.000000
0.999464 -0.032389 0.004762 -0.007600 0.032575 0.998386 -0.046525 14.527700 -0.003248 0.046656 0.998906 -1.704900 0.000000 0.000000 0.000000 1.000000
0.999619 -0.024993 0.011721 -0.007600 0.025493 0.998678 -0.044647 14.527700 -0.010589 0.044928 0.998934 -1.704900 0.000000 0.000000 0.000000 1.000000
0.999748 -0.016399 0.015303 -0.007600 0.017061 0.998878 -0.044169 14.527700 -0.014561 0.044419 0.998907 -1.704900 0.000000 0.000000 0.000000 1.000000
0.999799 -0.009218 0.017788 -0.007600 0.009985 0.999004 -0.043499 14.527700 -0.017369 0.043668 0.998895 -1.704900 0.000000 0.000000 0.000000 1.000000
0.999796 -0.001974 0.020080 -0.007600 0.002772 0.999202 -0.039839 14.527700 -0.019986 0.039886 0.999004 -1.704900 0.000000 0.000000 0.000000 1.000000
0.999744 0.005628 0.021899 -0.007600 -0.004840 0.999345 -0.035876 14.527700 -0.022086 0.035761 0.999116 -1.704900 0.000000 0.000000 0.000000 1.000000
0.999675 0.012154 0.022430 -0.007600 -0.011401 0.999376 -0.033422 14.527700 -0.022822 0.033155 0.999190 -1.704900 0.000000 0.000000 0.000000 1.000000
0.999629 0.017085 0.021224 -0.007600 -0.016393 0.999341 -0.032373 14.527700 -0.021763 0.032013 0.999250 -1.704900 0.000000 0.000000 0.000000 1.000000
0.999624 0.019992 0.018784 -0.007600 -0.019388 0.999305 -0.031822 14.527700 -0.019407 0.031446 0.999317 -1.704900 0.000000 0.000000 0.000000 1.000000
0.999589 0.023575 0.016338 -0.007600 -0.023074 0.999277 -0.030225 14.527700 -0.017039 0.029836 0.999410 -1.704900 0.000000 0.000000 0.000000 1.000000
0.999377 0.032859 0.012843 -0.007600 -0.032503 0.999108 -0.026967 14.527700 -0.013718 0.026533 0.999554 -1.704900 0.000000 0.000000 0.000000 1.000000
0.999577 0.028992 0.002497 -0.007600 -0.028893 0.999027 -0.033323 14.527700 -0.003461 0.033237 0.999442 -1.704900 0.000000 0.000000 0.000000 1.000000
0.999856 0.008883 -0.014435 -0.007600 -0.009302 0.999531 -0.029166 14.527700 0.014169 0.029296 0.999470 -1.704900 0.000000 0.000000 0.000000 1.000000
0.999539 -0.014478 -0.026687 -0.007600 0.013635 0.999410 -0.031517 14.527700 0.027128 0.031139 0.999147 -1.704900 0.000000 0.000000 0.000000 1.000000
0.998996 -0.031753 -0.031612 -0.007600 0.030683 0.998958 -0.033779 14.527700 0.032651 0.032775 0.998929 -1.704900 0.000000 0.000000 0.000000 1.000000
0.998643 -0.040624 -0.032573 -0.007600 0.039397 0.998521 -0.037472 14.527700 0.034047 0.036138 0.998767 -1.704900 0.000000 0.000000 0.000000 1.000000
0.998573 -0.042792 -0.031940 -0.007600 0.041532 0.998372 -0.039098 14.527700 0.033561 0.037716 0.998725 -1.704900 0.000000 0.000000 0.000000 1.000000
0.998662 -0.043205 -0.028434 -0.007600 0.042045 0.998306 -0.040207 14.527700 0.030123 0.038957 0.998787 -1.704900 0.000000 0.000000 0.000000 1.000000
0.998914 -0.041415 -0.021361 -0.007600 0.040575 0.998439 -0.038395 14.527700 0.022918 0.037486 0.999034 -1.704900 0.000000 0.000000 0.000000 1.000000
0.999128 -0.040572 -0.009902 -0.007600 0.040253 0.998723 -0.030516 14.527700 0.011127 0.030091 0.999485 -1.704900 0.000000 0.000000 0.000000 1.000000
