<?xml version="1.0" encoding="utf-8"?>
<COLLADA xmlns="http://www.collada.org/2005/11/COLLADASchema" version="1.4.1">
  <asset><contributor><author>Mixamo</author><authoring_tool>COLLADA Mixamo exporter</authoring_tool><comments></comments></contributor><created>2018-10-29T19:50:42Z</created><modified>2018-10-29T19:50:42Z</modified><revision></revision><title></title><unit meter="0.010000"/><up_axis>Y_UP</up_axis></asset>
  <library_animations>
    <animation id="Hips-anim" name="Hips"><source id="Hips-Matrix-animation-input"><float_array id="Hips-Matrix-animation-input-array" count="37">

0.000000 0.033333 0.066667 0.100000 0.133333 0.166667 0.200000 0.233333 0.266667 0.300000 0.333333 0.366667 0.400000 0.433333 0.466667 0.500000
0.533333 0.566667 0.600000 0.633333 0.666667 0.700000 0.733333 0.766667 0.800000 0.833333 0.866667 0.900000 0.933333 0.966667 1.000000 1.033333
1.066667 1.100000 1.133333 1.166667 1.200000</float_array><technique_common><accessor source="#Hips-Matrix-animation-input-array" count="37"><param name="TIME" type="float"/></accessor></technique_common></source><source id="Hips-Matrix-animation-output-transform"><float_array id="Hips-Matrix-animation-output-transform-array" count="592">

0.996616 -0.052771 -0.063022 0.363598 0.050538 0.998054 -0.036516 103.349182 0.064826 0.033207 0.997344 0.920001 0.000000 0.000000 0.000000 1.000000
0.994991 -0.087687 -0.047999 -0.515833 0.088798 0.995817 0.021524 105.409439 0.045911 -0.025679 0.998615 -7.675686 0.000000 0.000000 0.000000 1.000000
0.992569 -0.121682 -0.000008 -2.050080 0.121435 0.990551 0.063735 108.201248 -0.007747 -0.063262 0.997967 -15.586763 0.000000 0.000000 0.000000 1.000000
0.984681 -0.144782 0.097164 -3.913559 0.136170 0.986579 0.090111 111.928108 -0.108906 -0.075500 0.991181 -23.031788 0.000000 0.000000 0.000000 1.000000
0.961852 -0.151373 0.227875 -5.873922 0.131644 0.986290 0.099509 116.179237 -0.239814 -0.065715 0.968592 -30.199621 0.000000 0.000000 0.000000 1.000000
0.913254 -0.173325 0.368682 -7.755015 0.148206 0.984322 0.095632 119.745552 -0.379477 -0.032695 0.924623 -37.122437 0.000000 0.000000 0.000000 1.000000
0.849265 -0.189966 0.492607 -9.190188 0.174035 0.981606 0.078501 122.749168 -0.498458 0.019063 0.866704 -43.846043 0.000000 0.000000 0.000000 1.000000
0.798217 -0.174455 0.576555 -9.990510 0.177796 0.982734 0.051207 126.038048 -0.575534 0.061635 0.815452 -50.860462 0.000000 0.000000 0.000000 1.000000
0.780986 -0.143260 0.607897 -10.231860 0.160707 0.986658 0.026054 129.418625 -0.603519 0.077346 0.793589 -58.152733 0.000000 0.000000 0.000000 1.000000
0.794647 -0.106829 0.597598 -9.930503 0.123932 0.992211 0.012575 132.517761 -0.594286 0.064069 0.801697 -65.385933 0.000000 0.000000 0.000000 1.000000
0.827332 -0.057750 0.558736 -9.072107 0.063221 0.997954 0.009534 134.903381 -0.558144 0.027435 0.829291 -72.454933 0.000000 0.000000 0.000000 1.000000
0.858968 0.008243 0.511964 -7.835670 -0.013728 0.999882 0.006934 136.171906 -0.511846 -0.012984 0.858979 -79.636993 0.000000 0.000000 0.000000 1.000000
0.877267 0.075935 0.473958 -6.491687 -0.084422 0.996424 -0.003383 136.287460 -0.472520 -0.037045 0.880541 -87.083427 0.000000 0.000000 0.000000 1.000000
0.885628 0.134697 0.444432 -5.104672 -0.137364 0.990170 -0.026370 135.405746 -0.443615 -0.037695 0.895424 -94.765594 0.000000 0.000000 0.000000 1.000000
0.891736 0.181913 0.414385 -3.620136 -0.176012 0.982974 -0.052753 133.543488 -0.416926 -0.025895 0.908572 -102.293701 0.000000 0.000000 0.000000 1.000000
0.903784 0.206706 0.374764 -2.220919 -0.194457 0.978362 -0.070675 131.009018 -0.381263 -0.009001 0.924423 -109.442955 0.000000 0.000000 0.000000 1.000000
0.920452 0.216339 0.325523 -1.049378 -0.203766 0.976318 -0.072677 127.717033 -0.333537 0.000565 0.942737 -116.243698 0.000000 0.000000 0.000000 1.000000
0.936761 0.220884 0.271456 -0.285496 -0.212951 0.975296 -0.058734 123.541252 -0.277723 -0.002787 0.960657 -122.891747 0.000000 0.000000 0.000000 1.000000
0.949581 0.225150 0.218180 -0.033623 -0.223569 0.974155 -0.032241 118.631027 -0.219801 -0.018163 0.975376 -129.719391 0.000000 0.000000 0.000000 1.000000
0.959394 0.225075 0.170013 -0.285904 -0.228140 0.973627 -0.001548 113.610779 -0.165877 -0.037302 0.985441 -136.956955 0.000000 0.000000 0.000000 1.000000
0.968602 0.209992 0.133090 -0.667568 -0.215147 0.976250 0.025453 109.096382 -0.124584 -0.053288 0.990777 -144.860184 0.000000 0.000000 0.000000 1.000000
0.978817 0.173161 0.109236 -0.839083 -0.178559 0.983047 0.041666 105.996948 -0.100169 -0.060289 0.993142 -153.219833 0.000000 0.000000 0.000000 1.000000
0.987318 0.125015 0.097851 -0.532270 -0.129684 0.990628 0.042883 103.983994 -0.091573 -0.055029 0.994277 -161.770798 0.000000 0.000000 0.000000 1.000000
0.993418 0.072428 0.088736 0.165372 -0.075715 0.996541 0.034245 102.880135 -0.085949 -0.040738 0.995466 -169.633911 0.000000 0.000000 0.000000 1.000000
0.996640 0.021873 0.078933 0.998959 -0.023833 0.999428 0.023980 102.801132 -0.078363 -0.025781 0.996591 -176.208923 0.000000 0.000000 0.000000 1.000000
0.997608 -0.023034 0.065170 1.692414 0.021912 0.999600 0.017878 103.329773 -0.065555 -0.016407 0.997714 -181.780624 0.000000 0.000000 0.000000 1.000000
0.996842 -0.059570 0.052506 2.145517 0.058902 0.998163 0.014172 103.861000 -0.053254 -0.011034 0.998520 -187.001205 0.000000 0.000000 0.000000 1.000000
0.995868 -0.076731 0.048582 2.458863 0.076424 0.997042 0.008148 104.445145 -0.049064 -0.004401 0.998786 -192.412048 0.000000 0.000000 0.000000 1.000000
0.995934 -0.072072 0.054046 2.624650 0.072379 0.997370 -0.003743 104.946175 -0.053634 0.007639 0.998531 -198.085770 0.000000 0.000000 0.000000 1.000000
0.996484 -0.056112 0.062220 2.554086 0.057661 0.998062 -0.023391 104.905861 -0.060787 0.026896 0.997788 -204.049927 0.000000 0.000000 0.000000 1.000000
0.996728 -0.043567 0.068078 2.293129 0.047126 0.997557 -0.051574 104.214935 -0.065665 0.054613 0.996346 -210.341278 0.000000 0.000000 0.000000 1.000000
0.996661 -0.039895 0.071234 1.977691 0.045716 0.995580 -0.082037 103.324081 -0.067646 0.085019 0.994080 -216.912476 0.000000 0.000000 0.000000 1.000000
0.996782 -0.041230 0.068741 1.646793 0.048199 0.993512 -0.103006 102.622025 -0.064048 0.105988 0.992303 -223.513245 0.000000 0.000000 0.000000 1.000000
0.997661 -0.042822 0.053274 1.237837 0.048318 0.993131 -0.106565 102.154251 -0.048345 0.108890 0.992878 -229.956161 0.000000 0.000000 0.000000 1.000000
0.998729 -0.046236 0.020078 0.889004 0.047888 0.994643 -0.091606 102.131638 -0.015735 0.092451 0.995593 -235.906281 0.000000 0.000000 0.000000 1.000000
0.998448 -0.050329 -0.023835 0.584431 0.048700 0.996723 -0.064590 102.602493 0.027008 0.063329 0.997627 -241.092117 0.000000 0.000000 0.000000 1.000000
0.996616 -0.052771 -0.063022 0.363599 0.050538 0.998054 -0.036516 103.349182 0.064826 0.033207 0.997344 -245.535904 0.000000 0.000000 0.000000 1.000000</float_array><technique_common><accessor source="#Hips-Matrix-animation-output-transform-array" count="37" stride="16"><param type="float4x4"/></accessor></technique_common></source><source id="Hips-Interpolations"><Name_array id="Hips-Interpolations-array" count="37">
 LINEAR LINEAR LINEAR LINEAR LINEAR LINEAR LINEAR LINEAR LINEAR LINEAR LINEAR
LINEAR LINEAR LINEAR LINEAR LINEAR LINEAR LINEAR LINEAR LINEAR LINEAR LINEAR LINEAR
LINEAR LINEAR LINEAR LINEAR LINEAR LINEAR LINEAR LINEAR LINEAR LINEAR LINEAR LINEAR
LINEAR LINEAR</Name_array><technique_common><accessor source="#Hips-Interpolations-array" count="37"><param type="name"/></accessor></technique_common></source><sampler id="Hips-Matrix-animation-transform"><input semantic="INPUT" source="#Hips-Matrix-animation-input"/><input semantic="OUTPUT" source="#Hips-Matrix-animation-output-transform"/><input semantic="INTERPOLATION" source="#Hips-Interpolations"/></sampler><channel source="#Hips-Matrix-animation-transform" target="Hips/matrix"/></animation>
    <animation id="Spine-anim" name="Spine"><source id="Spine-Matrix-animation-input"><float_array id="Spine-Matrix-animation-input-array" count="37">

0.000000 0.033333 0.066667 0.100000 0.133333 0.166667 0.200000 0.233333 0.266667 0.300000 0.333333 0.366667 0.400000 0.433333 0.466667 0.500000
0.533333 0.566667 0.600000 0.633333 0.666667 0.700000 0.733333 0.766667 0.800000 0.833333 0.866667 0.900000 0.933333 0.966667 1.000000 1.033333
1.066667 1.100000 1.133333 1.166667 1.200000</float_array><technique_common><accessor source="#Spine-Matrix-animation-input-array" count="37"><param name="TIME" type="float"/></accessor></technique_common></source><source id="Spine-Matrix-animation-output-transform"><float_array id="Spine-Matrix-animation-output-transform-array" count="592">

0.999568 0.014578 0.025519 -0.005700 -0.012234 0.995896 -0.089679 10.895800 -0.026722 0.089328 0.995644 -1.278700 0.000000 0.000000 0.000000 1.000000
0.997894 0.059431 0.026007 -0.005700 -0.056408 0.992915 -0.104585 10.895800 -0.032038 0.102897 0.994176 -1.278700 0.000000 0.000000 0.000000 1.000000
0.993337 0.112488 0.025052 -0.005700 -0.109234 0.988303 -0.106420 10.895800 -0.036730 0.102974 0.994006 -1.278700 0.000000 0.000000 0.000000 1.000000
0.987197 0.159105 0.011324 -0.005700 -0.157242 0.982645 -0.098405 10.895800 -0.026785 0.095365 0.995082 -1.278700 0.000000 0.000000 0.000000 1.000000
0.980900 0.193562 -0.019197 -0.005700 -0.194497 0.977263 -0.084433 10.895800 0.002417 0.086554 0.996244 -1.278700 0.000000 0.000000 0.000000 1.000000
0.964313 0.254881 -0.071672 -0.005700 -0.259442 0.963655 -0.063703 10.895800 0.052830 0.080024 0.995392 -1.278700 0.000000 0.000000 0.000000 1.000000
0.937322 0.318552 -0.141255 -0.005700 -0.326199 0.944684 -0.034143 10.895800 0.122564 0.078081 0.989384 -1.278700 0.000000 0.000000 0.000000 1.000000
0.916596 0.344669 -0.202621 -0.005700 -0.353721 0.935306 -0.009121 10.895800 0.186369 0.080031 0.979215 -1.278700 0.000000 0.000000 0.000000 1.000000
0.911596 0.336517 -0.236111 -0.005700 -0.347027 0.937850 -0.003160 10.895800 0.220374 0.084818 0.971721 -1.278700 0.000000 0.000000 0.000000 1.000000
0.923181 0.302009 -0.237755 -0.005700 -0.314858 0.948985 -0.017112 10.895800 0.220458 0.090656 0.971174 -1.278700 0.000000 0.000000 0.000000 1.000000
0.947525 0.237336 -0.214169 -0.005700 -0.252142 0.966677 -0.044279 10.895800 0.196523 0.095956 0.975792 -1.278700 0.000000 0.000000 0.000000 1.000000
0.971915 0.146848 -0.183894 -0.005700 -0.162163 0.984196 -0.071138 10.895800 0.170542 0.098961 0.980368 -1.278700 0.000000 0.000000 0.000000 1.000000
0.984943 0.054281 -0.164139 -0.005700 -0.069476 0.993669 -0.088293 10.895800 0.158307 0.098367 0.982478 -1.278700 0.000000 0.000000 0.000000 1.000000
0.987333 -0.028037 -0.156164 -0.005700 0.013134 0.995328 -0.095653 10.895800 0.158117 0.092390 0.983089 -1.278700 0.000000 0.000000 0.000000 1.000000
0.983584 -0.098514 -0.151186 -0.005700 0.084255 0.991614 -0.097998 10.895800 0.159572 0.083652 0.983636 -1.278700 0.000000 0.000000 0.000000 1.000000
0.979700 -0.143011 -0.140485 -0.005700 0.130247 0.986800 -0.096240 10.895800 0.152393 0.075989 0.985394 -1.278700 0.000000 0.000000 0.000000 1.000000
0.977998 -0.168486 -0.123014 -0.005700 0.157556 0.983044 -0.093810 10.895800 0.136734 0.072364 0.987961 -1.278700 0.000000 0.000000 0.000000 1.000000
0.978001 -0.182260 -0.101461 -0.005700 0.173076 0.980506 -0.093023 10.895800 0.116438 0.073416 0.990481 -1.278700 0.000000 0.000000 0.000000 1.000000
0.979717 -0.184923 -0.077185 -0.005700 0.177404 0.979540 -0.095023 10.895800 0.093177 0.079402 0.992478 -1.278700 0.000000 0.000000 0.000000 1.000000
0.983151 -0.175626 -0.050685 -0.005700 0.170004 0.980403 -0.099543 10.895800 0.067174 0.089249 0.993741 -1.278700 0.000000 0.000000 0.000000 1.000000
0.988023 -0.152523 -0.023383 -0.005700 0.149212 0.982988 -0.107100 10.895800 0.039320 0.102328 0.993973 -1.278700 0.000000 0.000000 0.000000 1.000000
0.992839 -0.119462 -0.000605 -0.005700 0.118582 0.986113 -0.116277 10.895800 0.014487 0.115372 0.993217 -1.278700 0.000000 0.000000 0.000000 1.000000
0.995535 -0.093425 0.013507 -0.005700 0.094380 0.987773 -0.124082 10.895800 -0.001750 0.124803 0.992180 -1.278700 0.000000 0.000000 0.000000 1.000000
0.996891 -0.075465 0.022657 -0.005700 0.077722 0.989059 -0.125387 10.895800 -0.012947 0.126758 0.991849 -1.278700 0.000000 0.000000 0.000000 1.000000
0.997704 -0.061540 0.028287 -0.005700 0.064491 0.990779 -0.119155 10.895800 -0.020693 0.120705 0.992473 -1.278700 0.000000 0.000000 0.000000 1.000000
0.998327 -0.044327 0.037139 -0.005700 0.048037 0.993224 -0.105821 10.895800 -0.032196 0.107428 0.993691 -1.278700 0.000000 0.000000 0.000000 1.000000
0.998413 -0.024651 0.050630 -0.005700 0.029143 0.995517 -0.089983 10.895800 -0.048185 0.091316 0.994656 -1.278700 0.000000 0.000000 0.000000 1.000000
0.997723 -0.014716 0.065819 -0.005700 0.019617 0.997032 -0.074444 10.895800 -0.064528 0.075566 0.995051 -1.278700 0.000000 0.000000 0.000000 1.000000
0.996722 -0.019048 0.078624 -0.005700 0.023867 0.997863 -0.060819 10.895800 -0.077297 0.062497 0.995047 -1.278700 0.000000 0.000000 0.000000 1.000000
0.995704 -0.028424 0.088123 -0.005700 0.032984 0.998168 -0.050726 10.895800 -0.086519 0.053415 0.994817 -1.278700 0.000000 0.000000 0.000000 1.000000
0.995261 -0.031498 0.091997 -0.005700 0.035817 0.998314 -0.045672 10.895800 -0.090403 0.048751 0.994711 -1.278700 0.000000 0.000000 0.000000 1.000000
0.995667 -0.027921 0.088702 -0.005700 0.031982 0.998488 -0.044698 10.895800 -0.087320 0.047341 0.995055 -1.278700 0.000000 0.000000 0.000000 1.000000
0.996765 -0.023475 0.076871 -0.005700 0.027300 0.998421 -0.049085 10.895800 -0.075597 0.051025 0.995832 -1.278700 0.000000 0.000000 0.000000 1.000000
0.997869 -0.020173 0.062058 -0.005700 0.023829 0.997989 -0.058745 10.895800 -0.060749 0.060099 0.996342 -1.278700 0.000000 0.000000 0.000000 1.000000
0.998754 -0.012524 0.048316 -0.005700 0.015987 0.997279 -0.071966 10.895800 -0.047283 0.072649 0.996236 -1.278700 0.000000 0.000000 0.000000 1.000000
0.999313 0.000533 0.037050 -0.005700 0.002572 0.996486 -0.083726 10.895800 -0.036964 0.083764 0.995800 -1.278700 0.000000 0.000000 0.000000 1.000000
0.999568 0.014578 0.025519 -0.005700 -0.012235 0.995896 -0.089679 10.895800 -0.026722 0.089328 0.995644 -1.278700 0.000000 0.000000 0.000000 1.000000</float_array><technique_common><accessor source="#Spine-Matrix-animation-output-transform-array" count="37" stride="16"><param type="float4x4"/></accessor></technique_common></source><source id="Spine-Interpolations"><Name_array id="Spine-Interpolations-array" count="37">
 LINEAR LINEAR LINEAR LINEAR LINEAR LINEAR LINEAR LINEAR LINEAR LINEAR LINEAR
LINEAR LINEAR LINEAR LINEAR LINEAR LINEAR LINEAR LINEAR LINEAR LINEAR LINEAR LINEAR
LINEAR LINEAR LINEAR LINEAR LINEAR LINEAR LINEAR LINEAR LINEAR LINEAR LINEAR LINEAR
LINEAR LINEAR</Name_array><technique_common><accessor source="#Spine-Interpolations-array" count="37"><param type="name"/></accessor></technique_common></source><sampler id="Spine-Matrix-animation-transform"><input semantic="INPUT" source="#Spine-Matrix-animation-input"/><input semantic="OUTPUT" source="#Spine-Matrix-animation-output-transform"/><input semantic="INTERPOLATION" source="#Spine-Interpolations"/></sampler><channel source="#Spine-Matrix-animation-transform" target="Spine/matrix"/></animation>
    <animation id="Spine1-anim" name="Spine1"><source id="Spine1-Matrix-animation-input"><float_array id="Spine1-Matrix-animation-input-array" count="37">

0.000000 0.033333 0.066667 0.100000 0.133333 0.166667 0.200000 0.233333 0.266667 0.300000 0.333333 0.366667 0.400000 0.433333 0.466667 0.500000
0.533333 0.566667 0.600000 0.633333 0.666667 0.700000 0.733333 0.766667 0.800000 0.833333 0.866667 0.900000 0.933333 0.966667 1.000000 1.033333
1.066667 1.100000 1.133333 1.166667 1.200000</float_array><technique_common><accessor source="#Spine1-Matrix-animation-input-array" count="37"><param name="TIME" type="float"/></accessor></technique_common></source><source id="Spine1-Matrix-animation-output-transform"><float_array id="Spine1-Matrix-animation-output-transform-array" count="592">

0.999960 0.001524 0.008870 -0.006600 -0.001039 0.998513 -0.054503 12.711700 -0.008940 0.054492 0.998474 -1.491800 0.000000 0.000000 0.000000 1.000000
0.999771 0.014828 0.015447 -0.006600 -0.013691 0.997363 -0.071269 12.711700 -0.016463 0.071041 0.997338 -1.491800 0.000000 0.000000 0.000000 1.000000
0.999197 0.035307 0.018949 -0.006600 -0.033801 0.996636 -0.074666 12.711700 -0.021522 0.073966 0.997029 -1.491800 0.000000 0.000000 0.000000 1.000000
0.998187 0.058743 0.013139 -0.006600 -0.057706 0.995961 -0.068786 12.711700 -0.017126 0.067903 0.997545 -1.491800 0.000000 0.000000 0.000000 1.000000
0.996818 0.079563 -0.004764 -0.006600 -0.079705 0.995112 -0.058295 12.711700 0.000103 0.058489 0.998288 -1.491800 0.000000 0.000000 0.000000 1.000000
0.994749 0.096996 -0.032667 -0.006600 -0.098379 0.994185 -0.043796 12.711700 0.028229 0.046780 0.998506 -1.491800 0.000000 0.000000 0.000000 1.000000
0.992374 0.105238 -0.064175 -0.006600 -0.107084 0.993909 -0.026020 12.711700 0.061046 0.032693 0.997599 -1.491800 0.000000 0.000000 0.000000 1.000000
0.990627 0.102398 -0.090398 -0.006600 -0.103904 0.994514 -0.012096 12.711700 0.088663 0.021375 0.995832 -1.491800 0.000000 0.000000 0.000000 1.000000
0.990638 0.089607 -0.102987 -0.006600 -0.091042 0.995804 -0.009311 12.711700 0.101720 0.018600 0.994639 -1.491800 0.000000 0.000000 0.000000 1.000000
0.992235 0.070455 -0.102501 -0.006600 -0.072582 0.997215 -0.017166 12.711700 0.101006 0.024472 0.994585 -1.491800 0.000000 0.000000 0.000000 1.000000
0.994578 0.044998 -0.093758 -0.006600 -0.048126 0.998349 -0.031370 12.711700 0.092191 0.035712 0.995101 -1.491800 0.000000 0.000000 0.000000 1.000000
0.996339 0.013601 -0.084401 -0.006600 -0.017456 0.998830 -0.045102 12.711700 0.083689 0.046410 0.995411 -1.491800 0.000000 0.000000 0.000000 1.000000
0.996674 -0.019360 -0.079153 -0.006600 0.015106 0.998427 -0.053992 12.711700 0.080074 0.052617 0.995399 -1.491800 0.000000 0.000000 0.000000 1.000000
0.995685 -0.049418 -0.078547 -0.006600 0.045011 0.997364 -0.056921 12.711700 0.081153 0.053140 0.995284 -1.491800 0.000000 0.000000 0.000000 1.000000
0.994182 -0.074357 -0.077930 -0.006600 0.070070 0.995947 -0.056384 12.711700 0.081806 0.050595 0.995363 -1.491800 0.000000 0.000000 0.000000 1.000000
0.993139 -0.090913 -0.073547 -0.006600 0.087070 0.994744 -0.053888 12.711700 0.078060 0.047115 0.995835 -1.491800 0.000000 0.000000 0.000000 1.000000
0.992848 -0.100556 -0.064349 -0.006600 0.097278 0.993887 -0.052206 12.711700 0.069205 0.045573 0.996561 -1.491800 0.000000 0.000000 0.000000 1.000000
0.993018 -0.105985 -0.051788 -0.006600 0.103230 0.993231 -0.053257 12.711700 0.057081 0.047539 0.997237 -1.491800 0.000000 0.000000 0.000000 1.000000
0.993289 -0.109145 -0.038277 -0.006600 0.106828 0.992579 -0.058096 12.711700 0.044333 0.053617 0.997577 -1.491800 0.000000 0.000000 0.000000 1.000000
0.993508 -0.110672 -0.026351 -0.006600 0.108748 0.991893 -0.065750 12.711700 0.033414 0.062457 0.997488 -1.491800 0.000000 0.000000 0.000000 1.000000
0.993980 -0.108100 -0.017818 -0.006600 0.106468 0.991436 -0.075627 12.711700 0.025841 0.073274 0.996977 -1.491800 0.000000 0.000000 0.000000 1.000000
0.994937 -0.099779 -0.012022 -0.006600 0.098392 0.991441 -0.085815 12.711700 0.020482 0.084198 0.996239 -1.491800 0.000000 0.000000 0.000000 1.000000
0.996281 -0.085844 -0.007354 -0.006600 0.084784 0.991996 -0.093567 12.711700 0.015328 0.092595 0.995586 -1.491800 0.000000 0.000000 0.000000 1.000000
0.997688 -0.067933 -0.001751 -0.006600 0.067468 0.993287 -0.093959 12.711700 0.008123 0.093624 0.995575 -1.491800 0.000000 0.000000 0.000000 1.000000
0.998727 -0.050037 0.006355 -0.006600 0.050400 0.994964 -0.086642 12.711700 -0.001988 0.086852 0.996219 -1.491800 0.000000 0.000000 0.000000 1.000000
0.999199 -0.035879 0.017733 -0.006600 0.037081 0.996651 -0.072878 12.711700 -0.015059 0.073478 0.997183 -1.491800 0.000000 0.000000 0.000000 1.000000
0.999178 -0.027100 0.030164 -0.006600 0.028799 0.997935 -0.057408 12.711700 -0.028546 0.058229 0.997895 -1.491800 0.000000 0.000000 0.000000 1.000000
0.998808 -0.025982 0.041317 -0.006600 0.027766 0.998680 -0.043211 12.711700 -0.040140 0.044307 0.998211 -1.491800 0.000000 0.000000 0.000000 1.000000
0.998346 -0.029529 0.049332 -0.006600 0.031102 0.999022 -0.031429 12.711700 -0.048356 0.032912 0.998288 -1.491800 0.000000 0.000000 0.000000 1.000000
0.998059 -0.032103 0.053370 -0.006600 0.033358 0.999183 -0.022797 12.711700 -0.052595 0.024533 0.998315 -1.491800 0.000000 0.000000 0.000000 1.000000
0.998204 -0.028658 0.052608 -0.006600 0.029641 0.999399 -0.017999 12.711700 -0.052061 0.019527 0.998453 -1.491800 0.000000 0.000000 0.000000 1.000000
0.998644 -0.020165 0.048002 -0.006600 0.020973 0.999646 -0.016397 12.711700 -0.047654 0.017382 0.998713 -1.491800 0.000000 0.000000 0.000000 1.000000
0.999123 -0.010940 0.040410 -0.006600 0.011748 0.999735 -0.019818 12.711700 -0.040183 0.020276 0.998987 -1.491800 0.000000 0.000000 0.000000 1.000000
0.999456 -0.005170 0.032573 -0.006600 0.006097 0.999577 -0.028434 12.711700 -0.032412 0.028617 0.999065 -1.491800 0.000000 0.000000 0.000000 1.000000
0.999667 -0.002488 0.025700 -0.006600 0.003524 0.999179 -0.040356 12.711700 -0.025578 0.040433 0.998855 -1.491800 0.000000 0.000000 0.000000 1.000000
0.999830 -0.000619 0.018451 -0.006600 0.001549 0.998728 -0.050407 12.711700 -0.018396 0.050427 0.998558 -1.491800 0.000000 0.000000 0.000000 1.000000
0.999960 0.001524 0.008870 -0.006600 -0.001039 0.998513 -0.054503 12.711700 -0.008940 0.054492 0.998474 -1.491800 0.000000 0.000000 0.000000 1.000000</float_array><technique_common><accessor source="#Spine1-Matrix-animation-output-transform-array" count="37" stride="16"><param type="float4x4"/></accessor></technique_common></source><source id="Spine1-Interpolations"><Name_array id="Spine1-Interpolations-array" count="37">
 LINEAR LINEAR LINEAR LINEAR LINEAR LINEAR LINEAR LINEAR LINEAR LINEAR LINEAR
LINEAR LINEAR LINEAR LINEAR LINEAR LINEAR LINEAR LINEAR LINEAR LINEAR LINEAR LINEAR
LINEAR LINEAR LINEAR LINEAR LINEAR LINEAR LINEAR LINEAR LINEAR LINEAR LINEAR LINEAR
LINEAR LINEAR</Name_array><technique_common><accessor source="#Spine1-Interpolations-array" count="37"><param type="name"/></accessor></technique_common></source><sampler id="Spine1-Matrix-animation-transform"><input semantic="INPUT" source="#Spine1-Matrix-animation-input"/><input semantic="OUTPUT" source="#Spine1-Matrix-animation-output-transform"/><input semantic="INTERPOLATION" source="#Spine1-Interpolations"/></sampler><channel source="#Spine1-Matrix-animation-transform" target="Spine1/matrix"/></animation>
    <animation id="Spine2-anim" name="Spine2"><source id="Spine2-Matrix-animation-input"><float_array id="Spine2-Matrix-animation-input-array" count="37">

0.000000 0.033333 0.066667 0.100000 0.133333 0.166667 0.200000 0.233333 0.266667 0.300000 0.333333 0.366667 0.400000 0.433333 0.466667 0.500000
0.533333 0.566667 0.600000 0.633333 0.666667 0.700000 0.733333 0.766667 0.800000 0.833333 0.866667 0.900000 0.933333 0.966667 1.000000 1.033333
1.066667 1.100000 1.133333 1.166667 1.200000</float_array><technique_common><accessor source="#Spine2-Matrix-animation-input-array" count="37"><param name="TIME" type="float"/></accessor></technique_common></source><source id="Spine2-Matrix-animation-output-transform"><float_array id="Spine2-Matrix-animation-output-transform-array" count="592">

0.999962 0.001228 0.008667 -0.007600 -0.000753 0.998512 -0.054528 14.527700 -0.008721 0.054520 0.998475 -1.704900 0.000000 0.000000 0.000000 1.000000
0.999796 0.013162 0.015340 -0.007600 -0.012032 0.997362 -0.071579 14.527700 -0.016242 0.071380 0.997317 -1.704900 0.000000 0.000000 0.000000 1.000000
0.999281 0.032728 0.019135 -0.007600 -0.031198 0.996665 -0.075408 14.527700 -0.021539 0.074757 0.996969 -1.704900 0.000000 0.000000 0.000000 1.000000
0.998317 0.056278 0.013991 -0.007600 -0.055169 0.996025 -0.069927 14.527700 -0.017870 0.069037 0.997454 -1.704900 0.000000 0.000000 0.000000 1.000000
0.996919 0.078370 -0.003345 -0.007600 -0.078430 0.995139 -0.059554 14.527700 -0.001338 0.059633 0.998219 -1.704900 0.000000 0.000000 0.000000 1.000000
0.994684 0.097877 -0.032007 -0.007600 -0.099254 0.994058 -0.044693 14.527700 0.027443 0.047632 0.998488 -1.704900 0.000000 0.000000 0.000000 1.000000
0.991969 0.108203 -0.065501 -0.007600 -0.110073 0.993593 -0.025637 14.527700 0.062308 0.032641 0.997523 -1.704900 0.000000 0.000000 0.000000 1.000000
0.989865 0.106589 -0.093842 -0.007600 -0.108004 0.994099 -0.010115 14.527700 0.092210 0.020148 0.995536 -1.704900 0.000000 0.000000 0.000000 1.000000
0.989661 0.093814 -0.108490 -0.007600 -0.095056 0.995452 -0.006322 14.527700 0.107403 0.016569 0.994077 -1.704900 0.000000 0.000000 0.000000 1.000000
0.991202 0.074089 -0.109683 -0.007600 -0.076079 0.997003 -0.014066 14.527700 0.108312 0.022287 0.993867 -1.704900 0.000000 0.000000 0.000000 1.000000
0.993661 0.048036 -0.101643 -0.007600 -0.051213 0.998270 -0.028880 14.527700 0.100079 0.033902 0.994402 -1.704900 0.000000 0.000000 0.000000 1.000000
0.995667 0.016388 -0.091539 -0.007600 -0.020432 0.998848 -0.043413 14.527700 0.090722 0.045095 0.994855 -1.704900 0.000000 0.000000 0.000000 1.000000
0.996277 -0.016480 -0.084618 -0.007600 0.012023 0.998526 -0.052919 14.527700 0.085366 0.051705 0.995007 -1.704900 0.000000 0.000000 0.000000 1.000000
0.995555 -0.046188 -0.082080 -0.007600 0.041637 0.997545 -0.056313 14.527700 0.084480 0.052645 0.995033 -1.704900 0.000000 0.000000 0.000000 1.000000
0.994286 -0.070796 -0.079894 -0.007600 0.066417 0.996208 -0.056202 14.527700 0.083570 0.050575 0.995218 -1.704900 0.000000 0.000000 0.000000 1.000000
0.993373 -0.087299 -0.074756 -0.007600 0.083386 0.995055 -0.053958 14.527700 0.079096 0.047367 0.995741 -1.704900 0.000000 0.000000 0.000000 1.000000
0.993111 -0.097198 -0.065442 -0.007600 0.093860 0.994212 -0.052284 14.527700 0.070145 0.045781 0.996486 -1.704900 0.000000 0.000000 0.000000 1.000000
0.993242 -0.103112 -0.053268 -0.007600 0.100290 0.993536 -0.053180 14.527700 0.058407 0.047478 0.997163 -1.704900 0.000000 0.000000 0.000000 1.000000
0.993435 -0.106932 -0.040660 -0.007600 0.104501 0.992841 -0.057853 14.527700 0.046555 0.053224 0.997497 -1.704900 0.000000 0.000000 0.000000 1.000000
0.993568 -0.109201 -0.029957 -0.007600 0.107066 0.992097 -0.065424 14.527700 0.036865 0.061796 0.997408 -1.704900 0.000000 0.000000 0.000000 1.000000
0.993965 -0.107346 -0.022599 -0.007600 0.105376 0.991577 -0.075305 14.527700 0.030492 0.072469 0.996904 -1.704900 0.000000 0.000000 0.000000 1.000000
0.994873 -0.099630 -0.017360 -0.007600 0.097803 0.991527 -0.085491 14.527700 0.025731 0.083355 0.996188 -1.704900 0.000000 0.000000 0.000000 1.000000
0.996209 -0.086144 -0.012100 -0.007600 0.084652 0.992047 -0.093153 14.527700 0.020028 0.091775 0.995578 -1.704900 0.000000 0.000000 0.000000 1.000000
0.997637 -0.068522 -0.004934 -0.007600 0.067764 0.993321 -0.093385 14.527700 0.011300 0.092830 0.995618 -1.704900 0.000000 0.000000 0.000000 1.000000
0.998694 -0.050861 0.004799 -0.007600 0.051085 0.994992 -0.085917 14.527700 -0.000406 0.086050 0.996291 -1.704900 0.000000 0.000000 0.000000 1.000000
0.999171 -0.037008 0.016970 -0.007600 0.038140 0.996666 -0.072132 14.527700 -0.014244 0.072720 0.997251 -1.704900 0.000000 0.000000 0.000000 1.000000
0.999153 -0.028650 0.029536 -0.007600 0.030293 0.997928 -0.056768 14.527700 -0.027849 0.057615 0.997950 -1.704900 0.000000 0.000000 0.000000 1.000000
0.998781 -0.028057 0.040604 -0.007600 0.029786 0.998648 -0.042604 14.527700 -0.039354 0.043762 0.998267 -1.704900 0.000000 0.000000 0.000000 1.000000
0.998306 -0.032011 0.048581 -0.007600 0.033526 0.998966 -0.030696 14.527700 -0.047549 0.032272 0.998347 -1.704900 0.000000 0.000000 0.000000 1.000000
0.998006 -0.034679 0.052735 -0.007600 0.035875 0.999116 -0.021914 14.527700 -0.051929 0.023762 0.998368 -1.704900 0.000000 0.000000 0.000000 1.000000
0.998149 -0.030935 0.052354 -0.007600 0.031868 0.999346 -0.017092 14.527700 -0.051791 0.018728 0.998482 -1.704900 0.000000 0.000000 0.000000 1.000000
0.998593 -0.021929 0.048291 -0.007600 0.022704 0.999621 -0.015564 14.527700 -0.047931 0.016639 0.998712 -1.704900 0.000000 0.000000 0.000000 1.000000
0.999078 -0.012221 0.041145 -0.007600 0.013016 0.999733 -0.019103 14.527700 -0.040900 0.019620 0.998971 -1.704900 0.000000 0.000000 0.000000 1.000000
0.999421 -0.006180 0.033463 -0.007600 0.007114 0.999587 -0.027851 14.527700 -0.033277 0.028073 0.999052 -1.704900 0.000000 0.000000 0.000000 1.000000
0.999647 -0.003399 0.026358 -0.007600 0.004452 0.999191 -0.039980 14.527700 -0.026201 0.040084 0.998853 -1.704900 0.000000 0.000000 0.000000 1.000000
0.999826 -0.001347 0.018619 -0.007600 0.002282 0.998732 -0.050282 14.527700 -0.018528 0.050316 0.998561 -1.704900 0.000000 0.000000 0.000000 1.000000
0.999962 0.001228 0.008667 -0.007600 -0.000754 0.998512 -0.054528 14.527700 -0.008721 0.054520 0.998475 -1.704900 0.000000 0.000000 0.000000 1.000000</float_array><technique_common><accessor source="#Spine2-Matrix-animation-output-transform-array" count="37" stride="16"><param type="float4x4"/></accessor></technique_common></source><source id="Spine2-Interpolations"><Name_array id="Spine2-Interpolations-array" count="37">
 LINEAR LINEAR LINEAR LINEAR LINEAR LINEAR LINEAR LINEAR LINEAR LINEAR LINEAR
LINEAR LINEAR LINEAR LINEAR LINEAR LINEAR LINEAR LINEAR LINEAR LINEAR LINEAR LINEAR
LINEAR LINEAR LINEAR LINEAR LINEAR LINEAR LINEAR LINEAR LINEAR LINEAR LINEAR LINEAR
LINEAR LINEAR</Name_array><technique_common><accessor source="#Spine2-Interpolations-array" count="37"><param type="name"/></accessor></technique_common></source><sampler id="Spine2-Matrix-animation-transform"><input semantic="INPUT" source="#Spine2-Matrix-animation-input"/><input semantic="OUTPUT" source="#Spine2-Matrix-animation-output-transform"/><input semantic="INTERPOLATION" source="#Spine2-Interpolations"/></sampler><channel source="#Spine2-Matrix-animation-transform" target="Spine2/matrix"/></animation>
    <animation id="Neck-anim" name="Neck"><source id="Neck-Matrix-animation-input"><float_array id="Neck-Matrix-animation-input-array" count="37">

0.000000 0.033333 0.066667 0.100000 0.133333 0.166667 0.200000 0.233333 0.266667 0.300000 0.333333 0.366667 0.400000 0.433333 0.466667 0.500000
0.533333 0.566667 0.600000 0.633333 0.666667 0.700000 0.733333 0.766667 0.800000 0.833333 0.866667 0.900000 0.933333 0.966667 1.000000 1.033333
1.066667 1.100000 1.133333 1.166667 1.200000</float_array><technique_common><accessor source="#Neck-Matrix-animation-input-array" count="37"><param name="TIME" type="float"/></accessor></technique_common></source><source id="Neck-Matrix-animation-output-transform"><float_array id="Neck-Matrix-animation-output-transform-array" count="592">

0.999704 0.011217 0.021576 -0.008500 -0.012904 0.996732 0.079743 16.343599 -0.020611 -0.079998 0.996582 -1.918000 0.000000 0.000000 0.000000 1.000000
0.999786 0.003459 0.020416 -0.008500 -0.004962 0.997246 0.074000 16.343599 -0.020104 -0.074085 0.997049 -1.918000 0.000000 0.000000 0.000000 1.000000
0.999829 -0.009263 0.015987 -0.008500 0.008238 0.997977 0.063037 16.343599 -0.016538 -0.062895 0.997883 -1.918000 0.000000 0.000000 0.000000 1.000000
0.999665 -0.024336 0.008778 -0.008500 0.023911 0.998669 0.045710 16.343599 -0.009878 -0.045484 0.998916 -1.918000 0.000000 0.000000 0.000000 1.000000
0.999249 -0.038704 0.002024 -0.008500 0.038647 0.998982 0.023266 16.343599 -0.002922 -0.023171 0.999727 -1.918000 0.000000 0.000000 0.000000 1.000000
0.998631 -0.052296 -0.000866 -0.008500 0.052295 0.998631 -0.001235 16.343599 0.000930 0.001188 0.999999 -1.918000 0.000000 0.000000 0.000000 1.000000
0.998096 -0.061667 0.001477 -0.008500 0.061684 0.997798 -0.024387 16.343599 0.000030 0.024432 0.999702 -1.918000 0.000000 0.000000 0.000000 1.000000
0.997880 -0.064762 0.006457 -0.008500 0.064978 0.996996 -0.042141 16.343599 -0.003709 0.042472 0.999091 -1.918000 0.000000 0.000000 0.000000 1.000000
0.998054 -0.061253 0.011642 -0.008500 0.061768 0.996802 -0.050707 16.343599 -0.008499 0.051327 0.998646 -1.918000 0.000000 0.000000 0.000000 1.000000
0.998477 -0.053125 0.014901 -0.008500 0.053820 0.997249 -0.050975 16.343599 -0.012152 0.051700 0.998589 -1.918000 0.000000 0.000000 0.000000 1.000000
0.999013 -0.041701 0.015282 -0.008500 0.042341 0.998121 -0.044284 16.343599 -0.013406 0.044887 0.998902 -1.918000 0.000000 0.000000 0.000000 1.000000
0.999508 -0.028386 0.013352 -0.008500 0.028808 0.999055 -0.032548 16.343599 -0.012415 0.032916 0.999381 -1.918000 0.000000 0.000000 0.000000 1.000000
0.999824 -0.015197 0.011015 -0.008500 0.015389 0.999727 -0.017599 16.343599 -0.010745 0.017766 0.999784 -1.918000 0.000000 0.000000 0.000000 1.000000
0.999947 -0.003303 0.009793 -0.008500 0.003298 0.999994 0.000534 16.343599 -0.009795 -0.000502 0.999952 -1.918000 0.000000 0.000000 0.000000 1.000000
0.999923 0.007335 0.010002 -0.008500 -0.007523 0.999792 0.018955 16.343599 -0.009860 -0.019029 0.999770 -1.918000 0.000000 0.000000 0.000000 1.000000
0.999816 0.015317 0.011571 -0.008500 -0.015698 0.999311 0.033632 16.343599 -0.011048 -0.033807 0.999367 -1.918000 0.000000 0.000000 0.000000 1.000000
0.999715 0.019698 0.013488 -0.008500 -0.020251 0.998905 0.042170 16.343599 -0.012643 -0.042431 0.999019 -1.918000 0.000000 0.000000 0.000000 1.000000
0.999704 0.019283 0.014856 -0.008500 -0.019937 0.998779 0.045194 16.343599 -0.013966 -0.045476 0.998868 -1.918000 0.000000 0.000000 0.000000 1.000000
0.999792 0.013554 0.015231 -0.008500 -0.014235 0.998864 0.045485 16.343599 -0.014597 -0.045692 0.998849 -1.918000 0.000000 0.000000 0.000000 1.000000
0.999870 0.005697 0.015085 -0.008500 -0.006404 0.998861 0.047274 16.343599 -0.014799 -0.047365 0.998768 -1.918000 0.000000 0.000000 0.000000 1.000000
0.999889 -0.000481 0.014859 -0.008500 -0.000318 0.998555 0.053732 16.343599 -0.014863 -0.053731 0.998445 -1.918000 0.000000 0.000000 0.000000 1.000000
0.999890 -0.002742 0.014585 -0.008500 0.001801 0.997937 0.064170 16.343599 -0.014731 -0.064137 0.997832 -1.918000 0.000000 0.000000 0.000000 1.000000
0.999901 -0.000593 0.014042 -0.008500 -0.000469 0.997146 0.075494 16.343599 -0.014046 -0.075493 0.997047 -1.918000 0.000000 0.000000 0.000000 1.000000
0.999903 0.003883 0.013343 -0.008500 -0.004959 0.996656 0.081564 16.343599 -0.012982 -0.081623 0.996579 -1.918000 0.000000 0.000000 0.000000 1.000000
0.999884 0.008410 0.012715 -0.008500 -0.009392 0.996806 0.079309 16.343599 -0.012007 -0.079419 0.996769 -1.918000 0.000000 0.000000 0.000000 1.000000
0.999871 0.010870 0.011851 -0.008500 -0.011645 0.997655 0.067450 16.343599 -0.011090 -0.067580 0.997652 -1.918000 0.000000 0.000000 0.000000 1.000000
0.999884 0.011410 0.010123 -0.008500 -0.011923 0.998568 0.052152 16.343599 -0.009513 -0.052266 0.998588 -1.918000 0.000000 0.000000 0.000000 1.000000
0.999906 0.011728 0.007133 -0.008500 -0.012003 0.999130 0.039934 16.343599 -0.006658 -0.040016 0.999177 -1.918000 0.000000 0.000000 0.000000 1.000000
0.999913 0.012627 0.003708 -0.008500 -0.012752 0.999277 0.035805 16.343599 -0.003254 -0.035849 0.999352 -1.918000 0.000000 0.000000 0.000000 1.000000
0.999913 0.013170 0.001007 -0.008500 -0.013200 0.999039 0.041792 16.343599 -0.000455 -0.041802 0.999126 -1.918000 0.000000 0.000000 0.000000 1.000000
0.999929 0.011944 -0.000221 -0.008500 -0.011911 0.998245 0.058016 16.343599 0.000913 -0.058009 0.998316 -1.918000 0.000000 0.000000 0.000000 1.000000
0.999954 0.009561 -0.000120 -0.008500 -0.009522 0.996921 0.077829 16.343599 0.000864 -0.077824 0.996967 -1.918000 0.000000 0.000000 0.000000 1.000000
0.999964 0.008318 0.001812 -0.008500 -0.008450 0.995620 0.093113 16.343599 -0.001030 -0.093125 0.995654 -1.918000 0.000000 0.000000 0.000000 1.000000
0.999940 0.009422 0.005519 -0.008500 -0.009927 0.994943 0.099948 16.343599 -0.004549 -0.099997 0.994977 -1.918000 0.000000 0.000000 0.000000 1.000000
0.999877 0.011518 0.010676 -0.008500 -0.012515 0.995047 0.098620 16.343599 -0.009488 -0.098741 0.995068 -1.918000 0.000000 0.000000 0.000000 1.000000
0.999789 0.012394 0.016391 -0.008500 -0.013836 0.995757 0.090977 16.343599 -0.015194 -0.091185 0.995718 -1.918000 0.000000 0.000000 0.000000 1.000000
0.999704 0.011217 0.021576 -0.008500 -0.012904 0.996732 0.079743 16.343599 -0.020611 -0.079998 0.996582 -1.918000 0.000000 0.000000 0.000000 1.000000</float_array><technique_common><accessor source="#Neck-Matrix-animation-output-transform-array" count="37" stride="16"><param type="float4x4"/></accessor></technique_common></source><source id="Neck-Interpolations"><Name_array id="Neck-Interpolations-array" count="37">
 LINEAR LINEAR LINEAR LINEAR LINEAR LINEAR LINEAR LINEAR LINEAR LINEAR LINEAR
LINEAR LINEAR LINEAR LINEAR LINEAR LINEAR LINEAR LINEAR LINEAR LINEAR LINEAR LINEAR
LINEAR LINEAR LINEAR LINEAR LINEAR LINEAR LINEAR LINEAR LINEAR LINEAR LINEAR LINEAR
LINEAR LINEAR</Name_array><technique_common><accessor source="#Neck-Interpolations-array" count="37"><param type="name"/></accessor></technique_common></source><sampler id="Neck-Matrix-animation-transform"><input semantic="INPUT" source="#Neck-Matrix-animation-input"/><input semantic="OUTPUT" source="#Neck-Matrix-animation-output-transform"/><input semantic="INTERPOLATION" source="#Neck-Interpolations"/></sampler><channel source="#Neck-Matrix-animation-transform" target="Neck/matrix"/></animation>
    <animation id="Head-anim" name="Head"><source id="Head-Matrix-animation-input"><float_array id="Head-Matrix-animation-input-array" count="37">

0.000000 0.033333 0.066667 0.100000 0.133333 0.166667 0.200000 0.233333 0.266667 0.300000 0.333333 0.366667 0.400000 0.433333 0.466667 0.500000
0.533333 0.566667 0.600000 0.633333 0.666667 0.700000 0.733333 0.766667 0.800000 0.833333 0.866667 0.900000 0.933333 0.966667 1.000000 1.033333
1.066667 1.100000 1.133333 1.166667 1.200000</float_array><technique_common><accessor source="#Head-Matrix-animation-input-array" count="37"><param name="TIME" type="float"/></accessor></technique_common></source><source id="Head-Matrix-animation-output-transform"><float_array id="Head-Matrix-animation-output-transform-array" count="592">

0.999430 0.033648 -0.002801 0.000000 -0.033021 0.991376 0.126823 7.472600 0.007044 -0.126658 0.991921 1.897700 0.000000 0.000000 0.000000 1.000000
0.999824 -0.016899 -0.008193 -0.000000 0.017228 0.998972 0.041936 7.472600 0.007476 -0.042069 0.999087 1.897700 0.000000 0.000000 0.000000 1.000000
0.994041 -0.104519 -0.030966 0.000000 0.102905 0.993444 -0.049786 7.472600 0.035967 0.046303 0.998280 1.897700 0.000000 0.000000 0.000000 1.000000
0.975622 -0.206632 -0.073930 -0.000000 0.196258 0.972235 -0.127445 7.472600 0.098211 0.109829 0.989086 1.897700 0.000000 0.000000 0.000000 1.000000
0.947136 -0.295796 -0.124255 0.000000 0.270655 0.944611 -0.185625 7.472600 0.172279 0.142182 0.974733 1.897700 0.000000 0.000000 0.000000 1.000000
0.918147 -0.363150 -0.158521 0.000000 0.323917 0.918303 -0.227591 7.472600 0.228220 0.157615 0.960767 1.897700 0.000000 0.000000 0.000000 1.000000
0.901394 -0.400908 -0.163589 0.000000 0.355598 0.900967 -0.248614 7.472600 0.247060 0.165927 0.954688 1.897700 0.000000 0.000000 0.000000 1.000000
0.896541 -0.415713 -0.152960 0.000000 0.373341 0.894992 -0.244143 7.472600 0.238391 0.161779 0.957600 1.897700 0.000000 0.000000 0.000000 1.000000
0.899423 -0.413585 -0.141373 0.000000 0.379981 0.899733 -0.214696 7.472600 0.215993 0.139383 0.966395 1.897700 0.000000 0.000000 0.000000 1.000000
0.905974 -0.399155 -0.141020 0.000000 0.373954 0.910722 -0.175340 7.472600 0.198418 0.106119 0.974356 1.897700 0.000000 0.000000 0.000000 1.000000
0.916641 -0.368925 -0.153832 0.000000 0.350413 0.926847 -0.134780 7.472600 0.192302 0.069640 0.978862 1.897700 0.000000 0.000000 0.000000 1.000000
0.931485 -0.320894 -0.171355 0.000000 0.308545 0.946441 -0.095132 7.472600 0.192704 0.035743 0.980606 1.897700 0.000000 0.000000 0.000000 1.000000
