<?xml version="1.0" encoding="utf-8"?>
<COLLADA xmlns="http://www.collada.org/2005/11/COLLADASchema" version="1.4.1">
  <asset><contributor><author>Mixamo</author><authoring_tool>COLLADA Mixamo exporter</authoring_tool><comments></comments></contributor><created>2018-10-04T17:18:23Z</created><modified>2018-10-04T17:18:23Z</modified><revision></revision><title></title><unit meter="0.010000"/><up_axis>Y_UP</up_axis></asset>
  <library_animations>
    <animation id="Hips-anim" name="Hips"><source id="Hips-Matrix-animation-input"><float_array id="Hips-Matrix-animation-input-array" count="30">

0.000000 0.033333 0.066667 0.100000 0.133333 0.166667 0.200000 0.233333 0.266667 0.300000 0.333333 0.366667 0.400000 0.433333 0.466667 0.500000
0.533333 0.566667 0.600000 0.633333 0.666667 0.700000 0.733333 0.766667 0.800000 0.833333 0.866667 0.900000 0.933333 0.966667</float_array><technique_common><accessor source="#Hips-Matrix-animation-input-array" count="30"><param name="TIME" type="float"/></accessor></technique_common></source><source id="Hips-Matrix-animation-output-transform"><float_array id="Hips-Matrix-animation-output-transform-array" count="480">

0.467843 -0.083646 -0.879844 0.652269 0.029913 0.996440 -0.078825 101.917351 0.883305 0.010559 0.468680 -0.309714 0.000000 0.000000 0.000000 1.000000
0.459173 -0.110485 -0.881449 -0.842369 0.044262 0.993849 -0.101517 99.095169 0.887243 0.007599 0.461239 -0.413716 0.000000 0.000000 0.000000 1.000000
0.446605 -0.140797 -0.883584 -4.713705 0.061118 0.990035 -0.126867 96.032616 0.892641 0.002657 0.450760 -0.477742 0.000000 0.000000 0.000000 1.000000
0.432026 -0.171922 -0.885323 -10.486349 0.078918 0.985103 -0.152788 93.835526 0.898401 -0.003860 0.439158 -0.459474 0.000000 0.000000 0.000000 1.000000
0.417754 -0.201310 -0.885977 -17.712526 0.096118 0.979464 -0.177231 93.428581 0.903462 -0.011119 0.428525 -0.145518 0.000000 0.000000 0.000000 1.000000
0.406623 -0.226535 -0.885065 -25.961866 0.111132 0.973841 -0.198200 93.928314 0.906812 -0.017766 0.421162 0.562793 0.000000 0.000000 0.000000 1.000000
0.401985 -0.245193 -0.882207 -34.685070 0.122033 0.969231 -0.213774 94.988075 0.907478 -0.021725 0.419538 2.001430 0.000000 0.000000 0.000000 1.000000
0.407430 -0.255005 -0.876911 -44.574253 0.126948 0.966716 -0.222137 96.483955 0.904370 -0.020817 0.426241 3.100309 0.000000 0.000000 0.000000 1.000000
0.428355 -0.251339 -0.867952 -55.993641 0.121842 0.967831 -0.220130 98.299484 0.895358 -0.011459 0.445199 3.540668 0.000000 0.000000 0.000000 1.000000
0.463682 -0.225234 -0.856895 -67.911697 0.103098 0.974294 -0.200305 100.817360 0.879983 0.004534 0.474984 3.403394 0.000000 0.000000 0.000000 1.000000
0.504518 -0.186041 -0.843119 -80.072945 0.071565 0.982160 -0.173897 103.448074 0.860430 0.027396 0.508832 2.642126 0.000000 0.000000 0.000000 1.000000
0.544878 -0.139992 -0.826747 -92.263260 0.030663 0.988632 -0.147196 105.972771 0.837954 0.054854 0.542977 1.924036 0.000000 0.000000 0.000000 1.000000
0.583885 -0.091757 -0.806634 -104.719353 -0.014338 0.992272 -0.123253 108.204323 0.811710 0.083531 0.578057 1.299387 0.000000 0.000000 0.000000 1.000000
0.591470 -0.047826 -0.804907 -117.301468 -0.057436 0.993205 -0.101220 110.248032 0.804279 0.106100 0.584704 0.752388 0.000000 0.000000 0.000000 1.000000
0.555706 -0.014552 -0.831252 -129.709503 -0.093055 0.992475 -0.079583 111.237701 0.826155 0.121577 0.550170 0.397910 0.000000 0.000000 0.000000 1.000000
0.502416 -0.004751 -0.864613 -140.691772 -0.106505 0.992029 -0.067340 110.057022 0.858041 0.125919 0.497905 0.327228 0.000000 0.000000 0.000000 1.000000
0.436254 -0.009654 -0.899772 -151.303787 -0.106057 0.992421 -0.062070 108.038811 0.893552 0.122505 0.431924 0.193970 0.000000 0.000000 0.000000 1.000000
0.367790 -0.022978 -0.929625 -162.545013 -0.098973 0.993049 -0.063703 105.964996 0.924627 0.115437 0.362959 0.002736 0.000000 0.000000 0.000000 1.000000
0.315695 -0.048103 -0.947641 -173.858292 -0.085471 0.993213 -0.078889 103.563263 0.945004 0.105900 0.309441 -0.184216 0.000000 0.000000 0.000000 1.000000
0.308689 -0.080067 -0.947787 -184.725830 -0.064642 0.992381 -0.104888 100.997101 0.948964 0.093645 0.301161 -0.271350 0.000000 0.000000 0.000000 1.000000
0.329346 -0.111698 -0.937579 -194.747269 -0.038580 0.990557 -0.131562 98.579041 0.943421 0.079501 0.321927 -0.315217 0.000000 0.000000 0.000000 1.000000
0.364419 -0.138189 -0.920925 -203.482498 -0.009412 0.988331 -0.152028 96.440659 0.931188 0.064069 0.358866 -0.341032 0.000000 0.000000 0.000000 1.000000
0.405389 -0.154431 -0.901005 -210.387268 0.018227 0.986797 -0.160935 94.980255 0.913963 0.048819 0.402851 -0.346976 0.000000 0.000000 0.000000 1.000000
0.444060 -0.157744 -0.882002 -215.211105 0.040334 0.986902 -0.156198 94.507935 0.895089 0.033786 0.444606 -0.330241 0.000000 0.000000 0.000000 1.000000
0.472503 -0.152667 -0.868006 -218.235291 0.057939 0.988133 -0.142256 94.928856 0.879422 0.016925 0.475741 -0.347717 0.000000 0.000000 0.000000 1.000000
0.485158 -0.142022 -0.862816 -219.996017 0.062610 0.989832 -0.127723 95.942513 0.872182 0.007945 0.489117 -0.348783 0.000000 0.000000 0.000000 1.000000
0.486368 -0.127809 -0.864356 -220.805023 0.057935 0.991784 -0.114052 97.348541 0.871831 0.005395 0.489776 -0.337881 0.000000 0.000000 0.000000 1.000000
0.481002 -0.112007 -0.869535 -220.975830 0.048127 0.993683 -0.101376 98.945427 0.875398 0.006914 0.483354 -0.320765 0.000000 0.000000 0.000000 1.000000
0.473386 -0.096612 -0.875541 -220.822021 0.037527 0.995276 -0.089535 100.534195 0.880055 0.009528 0.474775 -0.308250 0.000000 0.000000 0.000000 1.000000
0.467843 -0.083646 -0.879844 -220.657990 0.029912 0.996440 -0.078825 101.917328 0.883305 0.010560 0.468680 -0.310296 0.000000 0.000000 0.000000 1.000000</float_array><technique_common><accessor source="#Hips-Matrix-animation-output-transform-array" count="30" stride="16"><param type="float4x4"/></accessor></technique_common></source><source id="Hips-Interpolations"><Name_array id="Hips-Interpolations-array" count="30">
 LINEAR LINEAR LINEAR LINEAR LINEAR LINEAR LINEAR LINEAR LINEAR LINEAR LINEAR
LINEAR LINEAR LINEAR LINEAR LINEAR LINEAR LINEAR LINEAR LINEAR LINEAR LINEAR LINEAR
LINEAR LINEAR LINEAR LINEAR LINEAR LINEAR LINEAR</Name_array><technique_common><accessor source="#Hips-Interpolations-array" count="30"><param type="name"/></accessor></technique_common></source><sampler id="Hips-Matrix-animation-transform"><input semantic="INPUT" source="#Hips-Matrix-animation-input"/><input semantic="OUTPUT" source="#Hips-Matrix-animation-output-transform"/><input semantic="INTERPOLATION" source="#Hips-Interpolations"/></sampler><channel source="#Hips-Matrix-animation-transform" target="Hips/matrix"/></animation>
    <animation id="Spine-anim" name="Spine"><source id="Spine-Matrix-animation-input"><float_array id="Spine-Matrix-animation-input-array" count="30">

0.000000 0.033333 0.066667 0.100000 0.133333 0.166667 0.200000 0.233333 0.266667 0.300000 0.333333 0.366667 0.400000 0.433333 0.466667 0.500000
0.533333 0.566667 0.600000 0.633333 0.666667 0.700000 0.733333 0.766667 0.800000 0.833333 0.866667 0.900000 0.933333 0.966667</float_array><technique_common><accessor source="#Spine-Matrix-animation-input-array" count="30"><param name="TIME" type="float"/></accessor></technique_common></source><source id="Spine-Matrix-animation-output-transform"><float_array id="Spine-Matrix-animation-output-transform-array" count="480">

0.997209 0.074453 -0.005493 -0.005700 -0.073319 0.962836 -0.259945 10.895800 -0.014065 0.259622 0.965608 -1.278700 0.000000 0.000000 0.000000 1.000000
0.997711 0.067409 -0.005277 -0.005700 -0.066457 0.963242 -0.260286 10.895800 -0.012462 0.260041 0.965517 -1.278700 0.000000 0.000000 0.000000 1.000000
0.998208 0.059629 -0.005071 -0.005700 -0.058922 0.964465 -0.257556 10.895800 -0.010468 0.257393 0.966250 -1.278700 0.000000 0.000000 0.000000 1.000000
0.998641 0.051909 -0.004693 -0.005700 -0.051433 0.966872 -0.250026 10.895800 -0.008441 0.249928 0.968228 -1.278700 0.000000 0.000000 0.000000 1.000000
0.998967 0.045256 -0.003987 -0.005700 -0.044903 0.970198 -0.238116 10.895800 -0.006908 0.238049 0.971228 -1.278700 0.000000 0.000000 0.000000 1.000000
0.999162 0.040855 -0.002536 -0.005700 -0.040383 0.973692 -0.224260 10.895800 -0.006693 0.224175 0.974526 -1.278700 0.000000 0.000000 0.000000 1.000000
0.999149 0.041237 0.001007 -0.005700 -0.040115 0.977079 -0.209062 10.895800 -0.009605 0.208844 0.977902 -1.278700 0.000000 0.000000 0.000000 1.000000
0.998801 0.048585 0.005971 -0.005700 -0.046520 0.980081 -0.193071 10.895800 -0.015233 0.192562 0.981167 -1.278700 0.000000 0.000000 0.000000 1.000000
0.998461 0.054138 0.012036 -0.005700 -0.051165 0.982924 -0.176755 10.895800 -0.021400 0.175867 0.984181 -1.278700 0.000000 0.000000 0.000000 1.000000
0.998256 0.056162 0.018185 -0.005700 -0.052528 0.985635 -0.160513 10.895800 -0.026938 0.159278 0.986866 -1.278700 0.000000 0.000000 0.000000 1.000000
0.998191 0.055456 0.023232 -0.005700 -0.051527 0.988123 -0.144769 10.895800 -0.030985 0.143310 0.989193 -1.278700 0.000000 0.000000 0.000000 1.000000
0.998261 0.052785 0.026230 -0.005700 -0.048949 0.990308 -0.129981 10.895800 -0.032836 0.128471 0.991170 -1.278700 0.000000 0.000000 0.000000 1.000000
0.998453 0.048226 0.027686 -0.005700 -0.044684 0.992157 -0.116735 10.895800 -0.033099 0.115317 0.992777 -1.278700 0.000000 0.000000 0.000000 1.000000
0.998702 0.042545 0.027991 -0.005700 -0.039368 0.993626 -0.105627 10.895800 -0.032306 0.104388 0.994012 -1.278700 0.000000 0.000000 0.000000 1.000000
0.998982 0.036681 0.026245 -0.005700 -0.033968 0.994679 -0.097259 10.895800 -0.029673 0.096268 0.994913 -1.278700 0.000000 0.000000 0.000000 1.000000
0.999231 0.032349 0.022147 -0.005700 -0.030178 0.995282 -0.092213 10.895800 -0.025025 0.091474 0.995493 -1.278700 0.000000 0.000000 0.000000 1.000000
0.999449 0.027984 0.017826 -0.005700 -0.026249 0.995498 -0.091074 10.895800 -0.020294 0.090556 0.995685 -1.278700 0.000000 0.000000 0.000000 1.000000
0.999601 0.024207 0.014525 -0.005700 -0.022722 0.995223 -0.094947 10.895800 -0.016754 0.094579 0.995376 -1.278700 0.000000 0.000000 0.000000 1.000000
0.999693 0.021393 0.012492 -0.005700 -0.019985 0.994413 -0.103646 10.895800 -0.014640 0.103364 0.994536 -1.278700 0.000000 0.000000 0.000000 1.000000
0.999746 0.019625 0.011080 -0.005700 -0.018205 0.993052 -0.116262 10.895800 -0.013284 0.116031 0.993157 -1.278700 0.000000 0.000000 0.000000 1.000000
0.999774 0.018903 0.009680 -0.005700 -0.017463 0.991111 -0.131885 10.895800 -0.012087 0.131686 0.991218 -1.278700 0.000000 0.000000 0.000000 1.000000
0.999773 0.019735 0.008011 -0.005700 -0.018315 0.988576 -0.149609 10.895800 -0.010872 0.149429 0.988713 -1.278700 0.000000 0.000000 0.000000 1.000000
0.999762 0.020890 0.006295 -0.005700 -0.019531 0.985505 -0.168516 10.895800 -0.009724 0.168353 0.985679 -1.278700 0.000000 0.000000 0.000000 1.000000
0.999736 0.022526 0.004638 -0.005700 -0.021255 0.981995 -0.187705 10.895800 -0.008782 0.187557 0.982214 -1.278700 0.000000 0.000000 0.000000 1.000000
0.999658 0.026001 0.002899 -0.005700 -0.024844 0.978177 -0.206284 10.895800 -0.008199 0.206141 0.978488 -1.278700 0.000000 0.000000 0.000000 1.000000
0.999485 0.032064 0.001077 -0.005700 -0.031014 0.974233 -0.223400 10.895800 -0.008212 0.223251 0.974726 -1.278700 0.000000 0.000000 0.000000 1.000000
0.999154 0.041109 -0.000809 -0.005700 -0.040119 0.970396 -0.238163 10.895800 -0.009006 0.237995 0.971225 -1.278700 0.000000 0.000000 0.000000 1.000000
0.998642 0.052028 -0.002627 -0.005700 -0.051035 0.966970 -0.249730 10.895800 -0.010452 0.249525 0.968312 -1.278700 0.000000 0.000000 0.000000 1.000000
0.997969 0.063562 -0.004259 -0.005700 -0.062516 0.964317 -0.257264 10.895800 -0.012246 0.257008 0.966332 -1.278700 0.000000 0.000000 0.000000 1.000000
0.997209 0.074455 -0.005449 -0.005700 -0.073309 0.962837 -0.259945 10.895800 -0.014108 0.259619 0.965608 -1.278700 0.000000 0.000000 0.000000 1.000000</float_array><technique_common><accessor source="#Spine-Matrix-animation-output-transform-array" count="30" stride="16"><param type="float4x4"/></accessor></technique_common></source><source id="Spine-Interpolations"><Name_array id="Spine-Interpolations-array" count="30">
 LINEAR LINEAR LINEAR LINEAR LINEAR LINEAR LINEAR LINEAR LINEAR LINEAR LINEAR
LINEAR LINEAR LINEAR LINEAR LINEAR LINEAR LINEAR LINEAR LINEAR LINEAR LINEAR LINEAR
LINEAR LINEAR LINEAR LINEAR LINEAR LINEAR LINEAR</Name_array><technique_common><accessor source="#Spine-Interpolations-array" count="30"><param type="name"/></accessor></technique_common></source><sampler id="Spine-Matrix-animation-transform"><input semantic="INPUT" source="#Spine-Matrix-animation-input"/><input semantic="OUTPUT" source="#Spine-Matrix-animation-output-transform"/><input semantic="INTERPOLATION" source="#Spine-Interpolations"/></sampler><channel source="#Spine-Matrix-animation-transform" target="Spine/matrix"/></animation>
    <animation id="Spine1-anim" name="Spine1"><source id="Spine1-Matrix-animation-input"><float_array id="Spine1-Matrix-animation-input-array" count="30">

0.000000 0.033333 0.066667 0.100000 0.133333 0.166667 0.200000 0.233333 0.266667 0.300000 0.333333 0.366667 0.400000 0.433333 0.466667 0.500000
0.533333 0.566667 0.600000 0.633333 0.666667 0.700000 0.733333 0.766667 0.800000 0.833333 0.866667 0.900000 0.933333 0.966667</float_array><technique_common><accessor source="#Spine1-Matrix-animation-input-array" count="30"><param name="TIME" type="float"/></accessor></technique_common></source><source id="Spine1-Matrix-animation-output-transform"><float_array id="Spine1-Matrix-animation-output-transform-array" count="480">

0.998754 0.048879 0.010023 -0.006600 -0.047601 0.993613 -0.102313 12.711700 -0.014960 0.101709 0.994702 -1.491800 0.000000 0.000000 0.000000 1.000000
0.998457 0.054766 0.009162 -0.006600 -0.053521 0.993142 -0.103945 12.711700 -0.014792 0.103294 0.994541 -1.491800 0.000000 0.000000 0.000000 1.000000
0.998137 0.060377 0.008746 -0.006600 -0.059096 0.992484 -0.107164 12.711700 -0.015150 0.106448 0.994203 -1.491800 0.000000 0.000000 0.000000 1.000000
0.997777 0.066055 0.008789 -0.006600 -0.064706 0.991918 -0.109144 12.711700 -0.015928 0.108332 0.993987 -1.491800 0.000000 0.000000 0.000000 1.000000
0.997349 0.072089 0.009886 -0.006600 -0.070592 0.991555 -0.108791 12.711700 -0.017645 0.107805 0.994015 -1.491800 0.000000 0.000000 0.000000 1.000000
0.996824 0.078701 0.012148 -0.006600 -0.076962 0.991289 -0.106876 12.711700 -0.020454 0.105602 0.994198 -1.491800 0.000000 0.000000 0.000000 1.000000
0.996120 0.086391 0.016781 -0.006600 -0.084203 0.991036 -0.103719 12.711700 -0.025591 0.101903 0.994465 -1.491800 0.000000 0.000000 0.000000 1.000000
0.995072 0.096422 0.023098 -0.006600 -0.093683 0.990623 -0.099448 12.711700 -0.032471 0.096794 0.994775 -1.491800 0.000000 0.000000 0.000000 1.000000
0.994074 0.104299 0.030632 -0.006600 -0.101013 0.990417 -0.094185 12.711700 -0.040162 0.090533 0.995083 -1.491800 0.000000 0.000000 0.000000 1.000000
0.993689 0.105242 0.038824 -0.006600 -0.101502 0.990917 -0.088212 12.711700 -0.047755 0.083715 0.995345 -1.491800 0.000000 0.000000 0.000000 1.000000
0.993842 0.100603 0.046444 -0.006600 -0.096604 0.991978 -0.081529 12.711700 -0.054273 0.076541 0.995588 -1.491800 0.000000 0.000000 0.000000 1.000000
0.994372 0.093609 0.049624 -0.006600 -0.089791 0.993187 -0.074280 12.711700 -0.056239 0.069407 0.996002 -1.491800 0.000000 0.000000 0.000000 1.000000
0.995161 0.085047 0.049210 -0.006600 -0.081656 0.994389 -0.067251 12.711700 -0.054654 0.062908 0.996522 -1.491800 0.000000 0.000000 0.000000 1.000000
0.996080 0.075392 0.046266 -0.006600 -0.072522 0.995507 -0.060872 12.711700 -0.050648 0.057278 0.997073 -1.491800 0.000000 0.000000 0.000000 1.000000
0.996953 0.065215 0.042799 -0.006600 -0.062809 0.996490 -0.055341 12.711700 -0.046258 0.052484 0.997550 -1.491800 0.000000 0.000000 0.000000 1.000000
0.997675 0.055431 0.039640 -0.006600 -0.053408 0.997301 -0.050382 12.711700 -0.042325 0.048148 0.997943 -1.491800 0.000000 0.000000 0.000000 1.000000
0.998232 0.046907 0.036493 -0.006600 -0.045197 0.997902 -0.046353 12.711700 -0.038590 0.044622 0.998258 -1.491800 0.000000 0.000000 0.000000 1.000000
0.998613 0.040769 0.033327 -0.006600 -0.039289 0.998262 -0.043918 12.711700 -0.035059 0.042547 0.998479 -1.491800 0.000000 0.000000 0.000000 1.000000
0.998788 0.039016 0.030014 -0.006600 -0.037688 0.998338 -0.043606 12.711700 -0.031665 0.042422 0.998598 -1.491800 0.000000 0.000000 0.000000 1.000000
0.998790 0.041311 0.026701 -0.006600 -0.040062 0.998151 -0.045720 12.711700 -0.028540 0.044595 0.998597 -1.491800 0.000000 0.000000 0.000000 1.000000
0.998692 0.045434 0.023449 -0.006600 -0.044222 0.997777 -0.049854 12.711700 -0.025662 0.048752 0.998481 -1.491800 0.000000 0.000000 0.000000 1.000000
0.998546 0.049938 0.020310 -0.006600 -0.048737 0.997248 -0.055860 12.711700 -0.023043 0.054789 0.998232 -1.491800 0.000000 0.000000 0.000000 1.000000
0.998369 0.054358 0.017432 -0.006600 -0.053161 0.996595 -0.063025 12.711700 -0.020799 0.061996 0.997860 -1.491800 0.000000 0.000000 0.000000 1.000000
0.998203 0.058059 0.014859 -0.006600 -0.056870 0.995872 -0.070742 12.711700 -0.018905 0.069770 0.997384 -1.491800 0.000000 0.000000 0.000000 1.000000
0.998096 0.060348 0.012718 -0.006600 -0.059170 0.995155 -0.078516 12.711700 -0.017395 0.077614 0.996832 -1.491800 0.000000 0.000000 0.000000 1.000000
0.998101 0.060577 0.011148 -0.006600 -0.059402 0.994535 -0.085853 12.711700 -0.016288 0.085028 0.996245 -1.491800 0.000000 0.000000 0.000000 1.000000
0.998226 0.058667 0.010191 -0.006600 -0.057480 0.994069 -0.092322 12.711700 -0.015546 0.091572 0.995677 -1.491800 0.000000 0.000000 0.000000 1.000000
0.998413 0.055464 0.009751 -0.006600 -0.054253 0.993755 -0.097505 12.711700 -0.015098 0.096821 0.995187 -1.491800 0.000000 0.000000 0.000000 1.000000
0.998605 0.051894 0.009709 -0.006600 -0.050651 0.993598 -0.100980 12.711700 -0.014888 0.100347 0.994841 -1.491800 0.000000 0.000000 0.000000 1.000000
0.998755 0.048873 0.009972 -0.006600 -0.047599 0.993613 -0.102311 12.711700 -0.014908 0.101709 0.994702 -1.491800 0.000000 0.000000 0.000000 1.000000</float_array><technique_common><accessor source="#Spine1-Matrix-animation-output-transform-array" count="30" stride="16"><param type="float4x4"/></accessor></technique_common></source><source id="Spine1-Interpolations"><Name_array id="Spine1-Interpolations-array" count="30">
 LINEAR LINEAR LINEAR LINEAR LINEAR LINEAR LINEAR LINEAR LINEAR LINEAR LINEAR
LINEAR LINEAR LINEAR LINEAR LINEAR LINEAR LINEAR LINEAR LINEAR LINEAR LINEAR LINEAR
LINEAR LINEAR LINEAR LINEAR LINEAR LINEAR LINEAR</Name_array><technique_common><accessor source="#Spine1-Interpolations-array" count="30"><param type="name"/></accessor></technique_common></source><sampler id="Spine1-Matrix-animation-transform"><input semantic="INPUT" source="#Spine1-Matrix-animation-input"/><input semantic="OUTPUT" source="#Spine1-Matrix-animation-output-transform"/><input semantic="INTERPOLATION" source="#Spine1-Interpolations"/></sampler><channel source="#Spine1-Matrix-animation-transform" target="Spine1/matrix"/></animation>
    <animation id="Spine2-anim" name="Spine2"><source id="Spine2-Matrix-animation-input"><float_array id="Spine2-Matrix-animation-input-array" count="30">

0.000000 0.033333 0.066667 0.100000 0.133333 0.166667 0.200000 0.233333 0.266667 0.300000 0.333333 0.366667 0.400000 0.433333 0.466667 0.500000
0.533333 0.566667 0.600000 0.633333 0.666667 0.700000 0.733333 0.766667 0.800000 0.833333 0.866667 0.900000 0.933333 0.966667</float_array><technique_common><accessor source="#Spine2-Matrix-animation-input-array" count="30"><param name="TIME" type="float"/></accessor></technique_common></source><source id="Spine2-Matrix-animation-output-transform"><float_array id="Spine2-Matrix-animation-output-transform-array" count="480">

0.998694 0.049817 0.011364 -0.007600 -0.048399 0.993582 -0.102239 14.527700 -0.016384 0.101555 0.994695 -1.704900 0.000000 0.000000 0.000000 1.000000
0.998399 0.055578 0.010523 -0.007600 -0.054189 0.993113 -0.103872 14.527700 -0.016224 0.103136 0.994535 -1.704900 0.000000 0.000000 0.000000 1.000000
0.998085 0.061042 0.010040 -0.007600 -0.059624 0.992479 -0.106916 14.527700 -0.016491 0.106113 0.994217 -1.704900 0.000000 0.000000 0.000000 1.000000
0.997733 0.066561 0.009956 -0.007600 -0.065089 0.991932 -0.108789 14.527700 -0.017117 0.107894 0.994015 -1.704900 0.000000 0.000000 0.000000 1.000000
0.997323 0.072370 0.010466 -0.007600 -0.070816 0.991582 -0.108400 14.527700 -0.018223 0.107368 0.994052 -1.704900 0.000000 0.000000 0.000000 1.000000
0.996821 0.078754 0.012050 -0.007600 -0.077033 0.991330 -0.106448 14.527700 -0.020329 0.105181 0.994245 -1.704900 0.000000 0.000000 0.000000 1.000000
0.996135 0.086291 0.016407 -0.007600 -0.084152 0.991086 -0.103284 14.527700 -0.025173 0.101504 0.994517 -1.704900 0.000000 0.000000 0.000000 1.000000
0.995092 0.096282 0.022849 -0.007600 -0.093580 0.990674 -0.099037 14.527700 -0.032171 0.096412 0.994821 -1.704900 0.000000 0.000000 0.000000 1.000000
0.994086 0.104178 0.030660 -0.007600 -0.100905 0.990462 -0.093821 14.527700 -0.040142 0.090172 0.995117 -1.704900 0.000000 0.000000 0.000000 1.000000
0.993689 0.105138 0.039097 -0.007600 -0.101391 0.990956 -0.087903 14.527700 -0.047985 0.083384 0.995361 -1.704900 0.000000 0.000000 0.000000 1.000000
0.993838 0.100498 0.046760 -0.007600 -0.096490 0.992011 -0.081261 14.527700 -0.054553 0.076248 0.995595 -1.704900 0.000000 0.000000 0.000000 1.000000
0.994368 0.093502 0.049901 -0.007600 -0.089677 0.993214 -0.074054 14.527700 -0.056487 0.069162 0.996005 -1.704900 0.000000 0.000000 0.000000 1.000000
0.995158 0.084926 0.049476 -0.007600 -0.081527 0.994411 -0.067076 14.527700 -0.054896 0.062717 0.996520 -1.704900 0.000000 0.000000 0.000000 1.000000
0.996078 0.075249 0.046544 -0.007600 -0.072368 0.995526 -0.060746 14.527700 -0.050907 0.057140 0.997067 -1.704900 0.000000 0.000000 0.000000 1.000000
0.996951 0.065052 0.043082 -0.007600 -0.062636 0.996506 -0.055255 14.527700 -0.046526 0.052388 0.997542 -1.704900 0.000000 0.000000 0.000000 1.000000
0.997673 0.055312 0.039867 -0.007600 -0.053280 0.997310 -0.050337 14.527700 -0.042544 0.048095 0.997936 -1.704900 0.000000 0.000000 0.000000 1.000000
0.998223 0.047028 0.036604 -0.007600 -0.045313 0.997897 -0.046348 14.527700 -0.038707 0.044607 0.998254 -1.704900 0.000000 0.000000 0.000000 1.000000
0.998599 0.041089 0.033334 -0.007600 -0.039607 0.998249 -0.043941 14.527700 -0.035081 0.042559 0.998478 -1.704900 0.000000 0.000000 0.000000 1.000000
0.998780 0.039227 0.030001 -0.007600 -0.037898 0.998329 -0.043632 14.527700 -0.031662 0.042442 0.998597 -1.704900 0.000000 0.000000 0.000000 1.000000
0.998790 0.041268 0.026754 -0.007600 -0.040016 0.998152 -0.045733 14.527700 -0.028592 0.044607 0.998595 -1.704900 0.000000 0.000000 0.000000 1.000000
0.998691 0.045378 0.023591 -0.007600 -0.044159 0.997780 -0.049853 14.527700 -0.025801 0.048746 0.998478 -1.704900 0.000000 0.000000 0.000000 1.000000
0.998542 0.049883 0.020609 -0.007600 -0.048666 0.997253 -0.055843 14.527700 -0.023338 0.054759 0.998227 -1.704900 0.000000 0.000000 0.000000 1.000000
0.998363 0.054314 0.017911 -0.007600 -0.053087 0.996601 -0.063000 14.527700 -0.021272 0.061946 0.997853 -1.704900 0.000000 0.000000 0.000000 1.000000
0.998193 0.058049 0.015535 -0.007600 -0.056813 0.995878 -0.070710 14.527700 -0.019575 0.069700 0.997376 -1.704900 0.000000 0.000000 0.000000 1.000000
0.998081 0.060408 0.013587 -0.007600 -0.059162 0.995159 -0.078480 14.527700 -0.018262 0.077525 0.996823 -1.704900 0.000000 0.000000 0.000000 1.000000
0.998078 0.060753 0.012195 -0.007600 -0.059489 0.994534 -0.085808 14.527700 -0.017342 0.084918 0.996237 -1.704900 0.000000 0.000000 0.000000 1.000000
0.998192 0.059014 0.011381 -0.007600 -0.057717 0.994060 -0.092270 14.527700 -0.016758 0.091446 0.995669 -1.704900 0.000000 0.000000 0.000000 1.000000
0.998369 0.056013 0.011043 -0.007600 -0.054675 0.993738 -0.097443 14.527700 -0.016432 0.096680 0.995180 -1.704900 0.000000 0.000000 0.000000 1.000000
0.998552 0.052650 0.011065 -0.007600 -0.051269 0.993574 -0.100910 14.527700 -0.016307 0.100197 0.994834 -1.704900 0.000000 0.000000 0.000000 1.000000
0.998694 0.049812 0.011325 -0.007600 -0.048398 0.993582 -0.102237 14.527700 -0.016345 0.101556 0.994696 -1.704900 0.000000 0.000000 0.000000 1.000000</float_array><technique_common><accessor source="#Spine2-Matrix-animation-output-transform-array" count="30" stride="16"><param type="float4x4"/></accessor></technique_common></source><source id="Spine2-Interpolations"><Name_array id="Spine2-Interpolations-array" count="30">
 LINEAR LINEAR LINEAR LINEAR LINEAR LINEAR LINEAR LINEAR LINEAR LINEAR LINEAR
LINEAR LINEAR LINEAR LINEAR LINEAR LINEAR LINEAR LINEAR LINEAR LINEAR LINEAR LINEAR
LINEAR LINEAR LINEAR LINEAR LINEAR LINEAR LINEAR</Name_array><technique_common><accessor source="#Spine2-Interpolations-array" count="30"><param type="name"/></accessor></technique_common></source><sampler id="Spine2-Matrix-animation-transform"><input semantic="INPUT" source="#Spine2-Matrix-animation-input"/><input semantic="OUTPUT" source="#Spine2-Matrix-animation-output-transform"/><input semantic="INTERPOLATION" source="#Spine2-Interpolations"/></sampler><channel source="#Spine2-Matrix-animation-transform" target="Spine2/matrix"/></animation>
    <animation id="Neck-anim" name="Neck"><source id="Neck-Matrix-animation-input"><float_array id="Neck-Matrix-animation-input-array" count="30">

0.000000 0.033333 0.066667 0.100000 0.133333 0.166667 0.200000 0.233333 0.266667 0.300000 0.333333 0.366667 0.400000 0.433333 0.466667 0.500000
0.533333 0.566667 0.600000 0.633333 0.666667 0.700000 0.733333 0.766667 0.800000 0.833333 0.866667 0.900000 0.933333 0.966667</float_array><technique_common><accessor source="#Neck-Matrix-animation-input-array" count="30"><param name="TIME" type="float"/></accessor></technique_common></source><source id="Neck-Matrix-animation-output-transform"><float_array id="Neck-Matrix-animation-output-transform-array" count="480">

0.997553 -0.065211 0.025206 -0.008500 0.063526 0.996009 0.062689 16.343599 -0.029193 -0.060934 0.997715 -1.918000 0.000000 0.000000 0.000000 1.000000
0.997770 -0.064025 0.018856 -0.008500 0.062782 0.996196 0.060425 16.343599 -0.022653 -0.059106 0.997995 -1.918000 0.000000 0.000000 0.000000 1.000000
0.997974 -0.062466 0.012112 -0.008500 0.061734 0.996654 0.053570 16.343599 -0.015417 -0.052714 0.998491 -1.918000 0.000000 0.000000 0.000000 1.000000
0.998079 -0.061363 0.008506 -0.008500 0.060943 0.997215 0.042982 16.343599 -0.011120 -0.042381 0.999040 -1.918000 0.000000 0.000000 0.000000 1.000000
0.998085 -0.061022 0.010105 -0.008500 0.060708 0.997736 0.028951 16.343599 -0.011849 -0.028283 0.999530 -1.918000 0.000000 0.000000 0.000000 1.000000
0.998059 -0.060710 0.013843 -0.008500 0.060544 0.998092 0.012098 16.343599 -0.014551 -0.011236 0.999831 -1.918000 0.000000 0.000000 0.000000 1.000000
0.998146 -0.059427 0.013156 -0.008500 0.059518 0.998206 -0.006584 16.343599 -0.012741 0.007355 0.999892 -1.918000 0.000000 0.000000 0.000000 1.000000
0.998352 -0.056929 0.007193 -0.008500 0.057102 0.998013 -0.026641 16.343599 -0.005662 0.027008 0.999619 -1.918000 0.000000 0.000000 0.000000 1.000000
0.998510 -0.054164 -0.006569 -0.008500 0.053778 0.997345 -0.049109 16.343599 0.009212 0.048682 0.998772 -1.918000 0.000000 0.000000 0.000000 1.000000
0.998246 -0.052707 -0.026953 -0.008500 0.050778 0.996402 -0.067856 16.343599 0.030432 0.066368 0.997331 -1.918000 0.000000 0.000000 0.000000 1.000000
0.997458 -0.052107 -0.048601 -0.008500 0.047847 0.995229 -0.085029 16.343599 0.052800 0.082487 0.995192 -1.918000 0.000000 0.000000 0.000000 1.000000
0.996213 -0.052369 -0.069400 -0.008500 0.045281 0.993952 -0.100040 16.343599 0.074220 0.096519 0.992560 -1.918000 0.000000 0.000000 0.000000 1.000000
0.994802 -0.053138 -0.086864 -0.008500 0.043622 0.993194 -0.107994 16.343599 0.092011 0.103643 0.990349 -1.918000 0.000000 0.000000 0.000000 1.000000
0.994888 -0.053705 -0.085519 -0.008500 0.044399 0.993242 -0.107237 16.343599 0.090700 0.102892 0.990549 -1.918000 0.000000 0.000000 0.000000 1.000000
0.997078 -0.053356 -0.054660 -0.008500 0.048561 0.995147 -0.085582 16.343599 0.058961 0.082678 0.994831 -1.918000 0.000000 0.000000 0.000000 1.000000
0.998396 -0.055348 -0.011945 -0.008500 0.054738 0.997421 -0.046432 16.343599 0.014484 0.045704 0.998850 -1.918000 0.000000 0.000000 0.000000 1.000000
0.997545 -0.061693 0.033149 -0.008500 0.061637 0.998095 0.002699 16.343599 -0.033252 -0.000649 0.999447 -1.918000 0.000000 0.000000 0.000000 1.000000
0.994629 -0.072689 0.073680 -0.008500 0.068648 0.996069 0.055976 16.343599 -0.077459 -0.050618 0.995710 -1.918000 0.000000 0.000000 0.000000 1.000000
0.991415 -0.084687 0.099616 -0.008500 0.073935 0.991498 0.107079 16.343599 -0.107837 -0.098795 0.989248 -1.918000 0.000000 0.000000 0.000000 1.000000
0.990954 -0.090573 0.099030 -0.008500 0.075024 0.985713 0.150799 16.343599 -0.111273 -0.142005 0.983592 -1.918000 0.000000 0.000000 0.000000 1.000000
0.992110 -0.090611 0.086640 -0.008500 0.073518 0.980291 0.183371 16.343599 -0.101548 -0.175554 0.979218 -1.918000 0.000000 0.000000 0.000000 1.000000
0.993997 -0.085618 0.068115 -0.008500 0.070446 0.977199 0.200297 16.343599 -0.083711 -0.194296 0.977365 -1.918000 0.000000 0.000000 0.000000 1.000000
0.995998 -0.077572 0.044398 -0.008500 0.067262 0.977644 0.199221 16.343599 -0.058859 -0.195437 0.978948 -1.918000 0.000000 0.000000 0.000000 1.000000
0.997235 -0.070439 0.023689 -0.008500 0.064833 0.980411 0.185984 16.343599 -0.036325 -0.183934 0.982267 -1.918000 0.000000 0.000000 0.000000 1.000000
0.997762 -0.065973 0.010887 -0.008500 0.063289 0.984331 0.164583 16.343599 -0.021575 -0.163526 0.986303 -1.918000 0.000000 0.000000 0.000000 1.000000
0.997914 -0.064160 0.007126 -0.008500 0.062558 0.988378 0.138549 16.343599 -0.015932 -0.137814 0.990330 -1.918000 0.000000 0.000000 0.000000 1.000000
0.997924 -0.063773 0.008957 -0.008500 0.062381 0.991808 0.111474 16.343599 -0.015993 -0.110684 0.993727 -1.918000 0.000000 0.000000 0.000000 1.000000
0.997850 -0.064042 0.013951 -0.008500 0.062590 0.994225 0.087172 16.343599 -0.019454 -0.086112 0.996096 -1.918000 0.000000 0.000000 0.000000 1.000000
0.997730 -0.064507 0.019344 -0.008500 0.063021 0.995587 0.069536 16.343599 -0.023745 -0.068160 0.997392 -1.918000 0.000000 0.000000 0.000000 1.000000
0.997542 -0.065393 0.025170 -0.008500 0.063711 0.995999 0.062666 16.343599 -0.029167 -0.060908 0.997717 -1.918000 0.000000 0.000000 0.000000 1.000000</float_array><technique_common><accessor source="#Neck-Matrix-animation-output-transform-array" count="30" stride="16"><param type="float4x4"/></accessor></technique_common></source><source id="Neck-Interpolations"><Name_array id="Neck-Interpolations-array" count="30">
 LINEAR LINEAR LINEAR LINEAR LINEAR LINEAR LINEAR LINEAR LINEAR LINEAR LINEAR
LINEAR LINEAR LINEAR LINEAR LINEAR LINEAR LINEAR LINEAR LINEAR LINEAR LINEAR LINEAR
LINEAR LINEAR LINEAR LINEAR LINEAR LINEAR LINEAR</Name_array><technique_common><accessor source="#Neck-Interpolations-array" count="30"><param type="name"/></accessor></technique_common></source><sampler id="Neck-Matrix-animation-transform"><input semantic="INPUT" source="#Neck-Matrix-animation-input"/><input semantic="OUTPUT" source="#Neck-Matrix-animation-output-transform"/><input semantic="INTERPOLATION" source="#Neck-Interpolations"/></sampler><channel source="#Neck-Matrix-animation-transform" target="Neck/matrix"/></animation>
    <animation id="Head-anim" name="Head"><source id="Head-Matrix-animation-input"><float_array id="Head-Matrix-animation-input-array" count="30">

0.000000 0.033333 0.066667 0.100000 0.133333 0.166667 0.200000 0.233333 0.266667 0.300000 0.333333 0.366667 0.400000 0.433333 0.466667 0.500000
0.533333 0.566667 0.600000 0.633333 0.666667 0.700000 0.733333 0.766667 0.800000 0.833333 0.866667 0.900000 0.933333 0.966667</float_array><technique_common><accessor source="#Head-Matrix-animation-input-array" count="30"><param name="TIME" type="float"/></accessor></technique_common></source><source id="Head-Matrix-animation-output-transform"><float_array id="Head-Matrix-animation-output-transform-array" count="480">

0.575488 -0.024182 0.817453 0.000000 -0.239897 0.950598 0.197009 7.472600 -0.781833 -0.309481 0.541256 1.897700 0.000000 0.000000 0.000000 1.000000
0.579066 -0.024180 0.814922 0.000000 -0.239024 0.950601 0.198051 7.472600 -0.779455 -0.309471 0.544681 1.897700 0.000000 0.000000 0.000000 1.000000
0.588287 -0.024177 0.808290 0.000000 -0.236768 0.950598 0.200757 7.472600 -0.773213 -0.309480 0.553501 1.897700 0.000000 0.000000 0.000000 1.000000
0.601027 -0.024182 0.798863 0.000000 -0.233568 0.950592 0.204501 7.472600 -0.764338 -0.309500 0.565683 1.897700 0.000000 0.000000 0.000000 1.000000
0.615149 -0.024185 0.788040 0.000000 -0.229869 0.950601 0.208612 7.472600 -0.754157 -0.309473 0.579202 1.897700 0.000000 0.000000 0.000000 1.000000
0.628642 -0.024188 0.777319 0.000000 -0.226228 0.950604 0.212538 7.472600 -0.744063 -0.309462 0.592118 1.897700 0.000000 0.000000 0.000000 1.000000
0.641746 -0.024184 0.766536 0.000000 -0.222609 0.950597 0.216360 7.472600 -0.733899 -0.309485 0.604658 1.897700 0.000000 0.000000 0.000000 1.000000
0.655903 -0.024178 0.754457 0.000000 -0.218542 0.950599 0.220458 7.472600 -0.722516 -0.309480 0.618217 1.897700 0.000000 0.000000 0.000000 1.000000
0.670469 -0.024176 0.741543 -0.000000 -0.214216 0.950596 0.224676 7.472600 -0.710340 -0.309488 0.632166 1.897700 0.000000 0.000000 0.000000 1.000000
0.684718 -0.024168 0.728407 0.000000 -0.209823 0.950597 0.228779 7.472600 -0.697950 -0.309486 0.645820 1.897700 0.000000 0.000000 0.000000 1.000000
0.698022 -0.024165 0.715669 0.000000 -0.205590 0.950590 0.232618 7.472600 -0.685929 -0.309507 0.658564 1.897700 0.000000 0.000000 0.000000 1.000000
0.709384 -0.024162 0.704408 0.000000 -0.201832 0.950595 0.235865 7.472600 -0.675306 -0.309491 0.669461 1.897700 0.000000 0.000000 0.000000 1.000000
0.709387 -0.024163 0.704404 0.000000 -0.201830 0.950596 0.235866 7.472600 -0.675303 -0.309490 0.669464 1.897700 0.000000 0.000000 0.000000 1.000000
0.688756 -0.024166 0.724590 0.000000 -0.208561 0.950592 0.229950 7.472600 -0.694347 -0.309501 0.649686 1.897700 0.000000 0.000000 0.000000 1.000000
0.660182 -0.024164 0.750716 -0.000000 -0.217298 0.950597 0.221691 7.472600 -0.718986 -0.309486 0.622317 1.897700 0.000000 0.000000 0.000000 1.000000
0.622013 -0.024156 0.782634 -0.000000 -0.228061 0.950599 0.210595 7.472600 -0.749058 -0.309481 0.585775 1.897700 0.000000 0.000000 0.000000 1.000000
0.581356 -0.024167 0.813290 0.000000 -0.238490 0.950595 0.198725 7.472600 -0.777912 -0.309492 0.546871 1.897700 0.000000 0.000000 0.000000 1.000000
0.540486 -0.024166 0.841006 -0.000000 -0.248011 0.950596 0.186704 7.472600 -0.803968 -0.309490 0.507790 1.897700 0.000000 0.000000 0.000000 1.000000
0.509407 -0.024170 0.860186 0.000000 -0.254663 0.950596 0.177523 7.472600 -0.821980 -0.309489 0.478085 1.897700 0.000000 0.000000 0.000000 1.000000
0.500668 -0.024170 0.865302 0.000000 -0.256448 0.950596 0.174935 7.472600 -0.826781 -0.309490 0.469734 1.897700 0.000000 0.000000 0.000000 1.000000
0.500515 -0.024169 0.865390 0.000000 -0.256492 0.950591 0.174896 7.472600 -0.826859 -0.309504 0.469586 1.897700 0.000000 0.000000 0.000000 1.000000
0.507592 -0.024172 0.861259 0.000000 -0.255037 0.950595 0.176988 7.472600 -0.822987 -0.309490 0.476350 1.897700 0.000000 0.000000 0.000000 1.000000
0.518225 -0.024172 0.854903 0.000000 -0.252827 0.950594 0.180137 7.472600 -0.817020 -0.309494 0.486510 1.897700 0.000000 0.000000 0.000000 1.000000
0.533799 -0.024173 0.845266 0.000000 -0.249480 0.950596 0.184736 7.472600 -0.807972 -0.309489 0.501396 1.897700 0.000000 0.000000 0.000000 1.000000
0.549886 -0.024171 0.834890 0.000000 -0.245896 0.950596 0.189477 7.472600 -0.798223 -0.309487 0.516776 1.897700 0.000000 0.000000 0.000000 1.000000
0.559445 -0.024171 0.828515 0.000000 -0.243705 0.950595 0.192292 7.472600 -0.792230 -0.309490 0.525916 1.897700 0.000000 0.000000 0.000000 1.000000
0.565066 -0.024171 0.824692 0.000000 -0.242394 0.950595 0.193946 7.472600 -0.788635 -0.309493 0.531290 1.897700 0.000000 0.000000 0.000000 1.000000
0.569030 -0.024169 0.821961 0.000000 -0.241459 0.950594 0.195110 7.472600 -0.786067 -0.309493 0.535081 1.897700 0.000000 0.000000 0.000000 1.000000
0.572931 -0.024169 0.819247 -0.000000 -0.240526 0.950596 0.196253 7.472600 -0.783516 -0.309489 0.538813 1.897700 0.000000 0.000000 0.000000 1.000000
0.575425 -0.024169 0.817497 -0.000000 -0.239927 0.950595 0.196986 7.472600 -0.781870 -0.309490 0.541198 1.897700 0.000000 0.000000 0.000000 1.000000</float_array><technique_common><accessor source="#Head-Matrix-animation-output-transform-array" count="30" stride="16"><param type="float4x4"/></accessor></technique_common></source><source id="Head-Interpolations"><Name_array id="Head-Interpolations-array" count="30">
 LINEAR LINEAR LINEAR LINEAR LINEAR LINEAR LINEAR LINEAR LINEAR LINEAR LINEAR
LINEAR LINEAR LINEAR LINEAR LINEAR LINEAR LINEAR LINEAR LINEAR LINEAR LINEAR LINEAR
LINEAR LINEAR LINEAR LINEAR LINEAR LINEAR LINEAR</Name_array><technique_common><accessor source="#Head-Interpolations-array" count="30"><param type="name"/></accessor></technique_common></source><sampler id="Head-Matrix-animation-transform"><input semantic="INPUT" source="#Head-Matrix-animation-input"/><input semantic="OUTPUT" source="#Head-Matrix-animation-output-transform"/><input semantic="INTERPOLATION" source="#Head-Interpolations"/></sampler><channel source="#Head-Matrix-animation-transform" target="Head/matrix"/></animation>
    <animation id="LeftShoulder-anim" name="LeftShoulder"><source id="LeftShoulder-Matrix-animation-input"><float_array id="LeftShoulder-Matrix-animation-input-array" count="30">

0.000000 0.033333 0.066667 0.100000 0.133333 0.166667 0.200000 0.233333 0.266667 0.300000 0.333333 0.366667 0.400000 0.433333 0.466667 0.500000
0.533333 0.566667 0.600000 0.633333 0.666667 0.700000 0.733333 0.766667 0.800000 0.833333 0.866667 0.900000 0.933333 0.966667</float_array><technique_common><accessor source="#LeftShoulder-Matrix-animation-input-array" count="30"><param name="TIME" type="float"/></accessor></technique_common></source><source id="LeftShoulder-Matrix-animation-output-transform"><float_array id="LeftShoulder-Matrix-animation-output-transform-array" count="480">

0.975203 0.214188 -0.055706 5.550700 -0.216148 0.975841 -0.031850 13.775400 0.047538 0.043101 0.997939 -1.926500 0.000000 0.000000 0.000000 1.000000
0.974512 0.217287 -0.055784 5.550700 -0.219211 0.975185 -0.031003 13.775400 0.047663 0.042441 0.997961 -1.926500 0.000000 0.000000 0.000000 1.000000
0.974139 0.218016 -0.059351 5.550700 -0.220033 0.975037 -0.029811 13.775400 0.051371 0.042099 0.997792 -1.926500 0.000000 0.000000 0.000000 1.000000
0.964170 0.264709 -0.017493 5.550700 -0.265142 0.963723 -0.030623 13.775400 0.008752 0.034164 0.999378 -1.926500 0.000000 0.000000 0.000000 1.000000
0.939414 0.340371 0.040615 5.550700 -0.339208 0.940134 -0.032937 13.775400 -0.049394 0.017164 0.998632 -1.926500 0.000000 0.000000 0.000000 1.000000
0.930239 0.360515 0.068441 5.550700 -0.358678 0.932692 -0.037891 13.775400 -0.077494 0.010699 0.996935 -1.926500 0.000000 0.000000 0.000000 1.000000
0.918560 0.365804 0.149782 5.550700 -0.360529 0.930687 -0.061965 13.775400 -0.162067 0.002918 0.986775 -1.926500 0.000000 0.000000 0.000000 1.000000
0.902349 0.362422 0.233275 5.550700 -0.352048 0.932004 -0.086199 13.775400 -0.248653 -0.004342 0.968583 -1.926500 0.000000 0.000000 0.000000 1.000000
0.896863 0.350947 0.269207 5.550700 -0.338045 0.936374 -0.094492 13.775400 -0.285240 -0.006258 0.958436 -1.926500 0.000000 0.000000 0.000000 1.000000
0.911167 0.320241 0.259270 5.550700 -0.306129 0.947314 -0.094244 13.775400 -0.275791 0.006502 0.961196 -1.926500 0.000000 0.000000 0.000000 1.000000
